120.198 85
120.248 95
120.299 110
120.349 130
120.399 153
120.45 180
120.5 195
120.551 209
120.601 220
120.652 237
120.702 251
120.752 264
120.803 281
120.853 297
120.904 310
120.954 328
121.005 343
121.055 357
121.105 375
121.156 391
121.206 406
121.257 424
121.307 440
121.358 455
121.408 474
121.458 490
121.509 504
121.559 517
121.61 528
121.66 537
121.711 546
121.761 553
121.811 560
121.862 565
121.912 570
121.963 574
122.013 578
122.064 582
122.114 585
122.164 587
122.215 589
122.265 591
122.316 593
122.366 594
122.417 596
122.467 597
122.518 598
122.568 599
122.618 599
122.669 600
122.719 601
122.77 601
122.82 602
122.871 602
122.921 602
122.971 603
123.022 603
123.072 603
123.123 603
123.173 603
123.224 604
123.274 604
123.324 604
123.375 604
123.425 604
123.476 604
123.526 604
123.577 604
123.627 604
123.677 604
123.728 604
123.778 604
123.829 604
123.879 605
123.93 605
123.98 605
124.03 605
124.081 605
124.131 605
124.182 605
124.232 605
124.283 605
124.333 605
124.383 605
124.434 605
124.484 605
124.535 605
124.585 605
124.636 605
124.686 605
124.737 605
124.787 605
124.837 605
124.888 605
124.938 605
124.989 605
125.039 605
125.09 605
125.14 605
125.19 605
125.241 605
125.291 605
125.342 605
125.392 605
125.443 605
125.493 605
125.543 605
125.594 605
125.644 605
125.695 605
125.745 605
125.796 605
125.846 605
125.896 605
125.947 605
125.997 605
126.048 605
126.098 605
126.149 605
126.199 605
126.249 605
126.3 605
126.35 605
126.401 605
126.451 605
126.502 605
126.552 605
126.603 605
126.653 605
126.703 605
126.754 605
126.804 605
126.855 605
126.905 605
126.956 605
127.006 605
127.056 605
127.107 605
127.157 605
127.208 605
127.258 605
127.309 605
127.359 605
127.409 605
127.46 605
127.51 605
127.561 605
127.611 605
127.662 605
127.712 605
127.762 605
127.813 605
127.863 605
127.914 605
127.964 605
128.015 605
128.065 605
128.115 605
128.166 605
128.216 605
128.267 605
128.317 605
128.368 605
128.418 605
128.468 605
128.519 605
128.569 605
128.62 605
128.67 605
128.721 605
128.771 605
128.822 605
128.872 605
128.922 605
128.973 605
129.023 605
129.074 605
129.124 605
129.175 605
129.225 605
129.275 605
129.326 605
129.376 605
129.427 605
129.477 605
129.528 605
129.578 605
129.628 605
129.679 605
129.729 605
129.78 605
129.83 605
129.881 605
129.931 605
129.981 605
130.032 605
130.082 605
130.133 605
130.183 605
130.234 605
130.284 605
130.334 605
130.385 605
130.435 605
130.486 605
130.536 605
130.587 605
130.637 605
130.687 605
130.738 605
130.788 605
130.839 605
130.889 605
130.94 605
130.99 605
131.041 605
131.091 605
131.141 605
131.192 605
131.242 605
131.293 605
131.343 605
131.394 605
131.444 605
131.494 605
131.545 605
131.595 605
131.646 605
131.696 605
131.747 605
131.797 605
131.847 605
131.898 605
131.948 605
131.999 605
132.049 605
132.1 605
132.15 605
132.2 605
132.251 605
132.301 605
132.352 605
132.402 605
132.453 605
132.503 605
132.553 605
132.604 605
132.654 605
132.705 605
132.755 605
132.806 605
132.856 605
132.907 605
132.957 605
133.007 605
133.058 605
133.108 605
133.159 605
133.209 605
133.26 605
133.31 605
133.36 605
133.411 605
133.461 605
133.512 605
133.562 605
133.613 605
133.663 605
133.713 605
133.764 605
133.814 605
133.865 605
133.915 605
133.966 605
134.016 605
134.066 605
134.117 605
134.167 605
134.218 605
134.268 605
134.319 605
134.369 605
134.419 605
134.47 605
134.52 605
134.571 605
134.621 605
134.672 605
134.722 605
134.772 605
134.823 605
134.873 605
134.924 605
134.974 605
135.025 605
135.075 605
135.126 605
135.176 605
135.226 605
135.277 605
135.327 605
135.378 605
135.428 605
135.479 605
135.529 605
135.579 605
135.63 605
135.68 605
135.731 605
135.781 605
135.832 605
135.882 605
135.932 605
135.983 605
136.033 605
136.084 605
136.134 605
136.185 605
136.235 605
136.285 605
136.336 605
136.386 605
136.437 605
136.487 605
136.538 605
136.588 605
136.638 605
136.689 605
136.739 605
136.79 605
136.84 605
136.891 605
136.941 605
136.991 605
137.042 605
137.092 605
137.143 605
137.193 605
137.244 605
137.294 605
137.345 605
137.395 605
137.445 605
137.496 605
137.546 605
137.597 605
137.647 605
137.698 605
137.748 605
137.798 605
137.849 605
137.899 605
137.95 605
138 605
138.051 605
138.101 605
138.151 605
138.202 605
138.252 605
138.303 605
138.353 605
138.404 605
138.454 605
138.504 605
138.555 605
138.605 605
138.656 605
138.706 605
138.757 605
138.807 605
138.857 605
138.908 605
138.958 605
139.009 605
139.059 605
139.11 605
139.16 605
139.211 605
139.261 605
139.311 605
139.362 605
139.412 605
139.463 605
139.513 605
139.564 605
139.614 605
139.664 605
139.715 605
139.765 605
139.816 605
139.866 605
139.917 605
139.967 605
140.017 605
140.068 605
140.118 605
140.169 605
140.219 605
140.27 605
140.32 605
140.37 605
140.421 605
140.471 605
140.522 605
140.572 605
140.623 605
140.673 605
140.723 605
140.774 605
140.824 605
140.875 605
140.925 605
140.976 605
141.026 605
141.076 605
141.127 605
141.177 605
141.228 605
141.278 605
141.329 605
141.379 605
141.43 605
141.48 605
141.53 605
141.581 605
141.631 605
141.682 605
141.732 605
141.783 605
141.833 605
141.883 605
141.934 605
141.984 605
142.035 605
142.085 605
142.136 605
142.186 605
142.236 605
142.287 605
142.337 605
142.388 605
142.438 605
142.489 605
142.539 605
142.589 605
142.64 605
142.69 605
142.741 605
142.791 605
142.842 605
142.892 605
142.942 605
142.993 605
143.043 605
143.094 605
143.144 605
143.195 605
143.245 605
143.295 605
143.346 605
143.396 605
143.447 605
143.497 605
143.548 605
143.598 605
143.649 605
143.699 605
143.749 605
143.8 605
143.85 605
143.901 605
143.951 605
144.002 605
144.052 605
144.102 605
144.153 605
144.203 605
144.254 605
144.304 605
144.355 605
144.405 605
144.455 605
144.506 605
144.556 605
144.607 605
144.657 605
144.708 605
144.758 605
144.808 605
144.859 605
144.909 605
144.96 605
145.01 605
145.061 605
145.111 605
145.161 605
145.212 605
145.262 605
145.313 605
145.363 605
145.414 605
145.464 605
145.515 605
145.565 605
145.615 605
145.666 605
145.716 605
145.767 605
145.817 605
145.868 605
145.918 605
145.968 605
146.019 605
146.069 605
146.12 605
146.17 605
146.221 605
146.271 605
146.321 605
146.372 605
146.422 605
146.473 605
146.523 605
146.574 605
146.624 605
146.674 605
146.725 605
146.775 605
146.826 605
146.876 605
146.927 605
146.977 605
147.027 605
147.078 605
147.128 605
147.179 605
147.229 605
147.28 605
147.33 605
147.38 605
147.431 605
147.481 605
147.532 605
147.582 605
147.633 605
147.683 605
147.734 605
147.784 605
147.834 605
147.885 605
147.935 605
147.986 605
148.036 605
148.087 605
148.137 605
148.187 605
148.238 605
148.288 605
148.339 605
148.389 605
148.44 605
148.49 605
148.54 605
148.591 605
148.641 605
148.692 605
148.742 605
148.793 605
148.843 605
148.893 605
148.944 605
148.994 605
149.045 605
149.095 605
149.146 605
149.196 605
149.246 605
149.297 605
149.347 605
149.398 605
149.448 605
149.499 605
149.549 605
149.599 605
149.65 605
149.7 605
149.751 605
149.801 605
149.852 605
149.902 605
149.953 605
150.003 605
150.053 605
150.104 605
150.154 605
150.205 605
150.255 605
150.306 605
150.356 605
150.406 605
150.457 605
150.507 605
150.558 605
150.608 605
150.659 605
150.709 605
150.759 605
150.81 605
150.86 605
150.911 605
150.961 605
151.012 605
151.062 605
151.112 605
151.163 605
151.213 605
151.264 605
151.314 605
151.365 605
151.415 605
151.465 605
151.516 605
151.566 605
151.617 605
151.667 605
151.718 605
151.768 605
151.819 605
151.869 605
151.919 605
151.97 605
152.02 605
152.071 605
152.121 605
152.172 605
152.222 605
152.272 605
152.323 605
152.373 605
152.424 605
152.474 605
152.525 605
152.575 605
152.625 605
152.676 605
152.726 605
152.777 605
152.827 605
152.878 605
152.928 605
152.978 605
153.029 605
153.079 605
153.13 605
153.18 605
153.231 605
153.281 605
153.331 605
153.382 605
153.432 605
153.483 605
153.533 605
153.584 605
153.634 605
153.684 605
153.735 605
153.785 605
153.836 605
153.886 605
153.937 605
153.987 605
154.038 605
154.088 605
154.138 605
154.189 605
154.239 605
154.29 605
154.34 605
154.391 605
154.441 605
154.491 605
154.542 605
154.592 605
154.643 605
154.693 605
154.744 605
154.794 605
154.844 605
154.895 605
154.945 605
154.996 605
155.046 605
155.097 605
155.147 605
155.197 605
155.248 605
155.298 605
155.349 605
155.399 605
155.45 605
155.5 605
155.55 605
155.601 605
155.651 605
155.702 605
155.752 605
155.803 605
155.853 605
155.903 605
155.954 605
156.004 605
156.055 605
156.105 605
156.156 605
156.206 605
156.257 605
156.307 605
156.357 605
156.408 605
156.458 605
156.509 605
156.559 605
156.61 605
156.66 605
156.71 605
156.761 605
156.811 605
156.862 605
156.912 605
156.963 605
157.013 605
157.063 605
157.114 605
157.164 605
157.215 605
157.265 605
157.316 605
157.366 605
157.416 605
157.467 605
157.517 605
157.568 605
157.618 605
157.669 605
157.719 605
157.769 605
157.82 605
157.87 605
157.921 605
157.971 605
158.022 605
158.072 605
158.123 605
158.173 605
158.223 605
158.274 605
158.324 605
158.375 605
158.425 605
158.476 605
158.526 605
158.576 605
158.627 605
158.677 605
158.728 605
158.778 605
158.829 605
158.879 605
158.929 605
158.98 605
159.03 605
159.081 605
159.131 605
159.182 605
159.232 605
159.282 605
159.333 605
159.383 605
159.434 605
160.316 561
160.367 528
160.417 506
160.468 493
160.518 488
160.568 459
160.619 433
160.669 410
160.72 390
160.77 373
160.821 358
160.871 345
160.921 333
160.972 323
161.022 314
161.073 312
161.123 311
161.174 310
161.224 309
161.275 308
161.325 307
161.375 307
161.426 306
161.476 306
161.527 305
161.577 305
161.628 304
161.678 304
161.728 304
161.779 304
161.829 303
161.88 303
161.93 303
161.981 303
162.031 303
162.081 303
162.132 303
162.182 303
162.233 302
162.283 302
162.334 309
162.384 314
162.434 319
162.485 323
162.535 327
162.586 330
162.636 333
162.687 335
162.737 338
162.787 339
162.838 341
162.888 342
162.939 344
162.989 345
163.04 346
163.09 347
163.14 347
163.191 348
163.241 349
163.292 349
163.342 349
163.393 350
163.443 350
163.494 350
163.544 351
163.594 351
163.645 351
163.695 351
163.746 351
163.796 352
163.847 358
163.897 364
163.947 369
163.998 373
164.048 377
164.099 380
164.149 383
164.2 385
164.25 387
164.3 389
164.351 391
164.401 393
164.452 394
164.502 395
164.553 396
164.603 397
164.653 398
164.704 398
164.754 399
164.805 399
164.855 400
164.906 400
164.956 401
165.006 401
165.057 401
165.107 401
165.158 402
165.208 402
165.259 402
165.309 402
165.359 402
165.41 402
165.46 402
165.511 402
165.561 409
165.612 414
165.662 419
165.713 424
165.763 427
165.813 430
165.864 433
165.914 436
165.965 438
166.015 440
166.066 442
166.116 443
166.166 444
166.217 445
166.267 446
166.318 447
166.368 448
166.419 449
166.469 449
166.519 450
166.57 450
166.62 451
166.671 451
166.721 451
166.772 452
166.822 452
166.872 452
166.923 452
166.973 452
167.024 452
167.074 453
167.125 453
167.175 453
167.225 453
167.276 453
167.326 453
167.377 453
167.427 459
167.478 465
167.528 470
167.579 474
167.629 478
167.679 481
167.73 484
167.78 486
167.831 489
167.881 491
167.932 492
167.982 494
168.032 495
168.083 496
168.133 497
168.184 498
168.234 499
168.285 499
168.335 500
168.385 500
168.436 501
168.486 501
168.537 501
168.587 502
168.638 502
168.688 502
168.738 502
168.789 503
168.865 506
169.646 474
169.697 453
169.747 440
169.798 435
169.848 431
169.898 409
169.949 389
169.999 372
170.05 357
170.1 344
170.151 332
170.201 322
170.251 313
170.302 306
170.352 299
170.403 293
170.453 288
170.504 283
170.554 279
170.604 276
170.655 273
170.705 270
170.756 268
170.806 266
170.857 270
170.907 274
170.957 278
171.008 281
171.058 284
171.109 286
171.159 288
171.21 290
171.26 291
171.31 293
171.361 294
171.411 295
171.462 296
171.512 297
171.563 297
171.613 298
171.663 298
171.714 299
171.764 299
171.815 300
171.865 300
171.916 300
171.966 300
172.017 301
172.067 301
172.117 307
172.168 313
172.218 318
172.269 322
172.319 326
172.37 329
172.42 332
172.47 335
172.521 337
172.571 339
172.622 341
172.672 342
172.723 343
172.773 345
172.823 346
172.874 346
172.924 347
172.975 348
173.025 348
173.076 349
173.126 349
173.176 350
173.227 350
173.277 350
173.328 351
173.378 351
173.429 351
173.479 351
173.529 351
173.58 352
173.63 358
173.681 364
173.731 369
173.782 373
173.832 377
173.883 380
173.933 383
173.983 385
174.034 387
174.084 389
174.135 391
174.185 393
174.236 394
174.286 395
174.336 396
174.387 397
174.437 398
174.488 398
174.538 399
174.589 399
174.639 400
174.689 400
174.74 401
174.79 401
174.841 401
174.891 401
174.942 402
174.992 402
175.042 402
175.093 402
175.143 402
175.244 402
175.295 409
175.345 414
175.395 419
175.446 423
175.496 427
175.547 430
175.597 433
175.648 429
175.698 432
175.748 435
175.799 437
175.849 439
175.9 441
175.95 443
176.001 444
176.051 445
176.102 446
176.152 447
176.202 448
176.253 449
176.303 449
176.354 450
176.404 450
176.455 451
176.505 451
176.555 451
176.606 451
176.656 452
176.707 452
176.757 452
176.808 452
176.858 452
176.908 452
176.959 453
177.009 453
177.06 453
177.11 453
177.161 453
177.211 453
177.261 459
177.312 465
177.362 470
177.413 474
177.463 478
177.514 481
177.564 484
177.614 486
177.665 489
177.715 490
177.766 492
177.816 494
177.867 495
177.917 496
177.967 497
178.018 498
178.068 499
178.119 499
178.169 500
178.22 500
178.27 501
178.321 501
178.371 501
178.421 502
178.472 502
178.522 502
178.573 502
178.623 503
178.674 503
178.724 503
178.774 503
178.825 503
178.875 503
178.926 503
178.976 503
179.027 503
179.077 504
179.127 504
179.178 504
179.228 504
179.279 504
179.329 504
179.38 510
179.43 516
179.48 520
179.531 525
179.581 528
179.632 531
179.682 534
179.733 537
179.783 539
179.833 541
179.884 543
179.934 544
179.985 545
180.035 546
180.086 547
180.136 548
180.187 549
180.237 550
180.287 550
180.338 551
180.388 551
180.439 552
180.489 552
180.54 552
180.59 552
180.64 553
180.691 553
180.741 553
180.792 553
180.842 553
180.893 553
180.943 553
180.993 554
181.044 554
181.094 554
181.145 554
181.195 554
181.246 554
181.296 554
181.346 554
181.397 554
181.447 554
181.498 554
181.548 554
181.599 554
181.649 554
181.699 554
181.75 561
181.8 566
181.851 571
181.901 575
181.952 579
182.002 582
182.052 585
182.103 587
182.153 589
182.204 591
182.254 593
182.305 594
182.355 596
182.406 597
182.456 598
182.506 599
182.557 599
182.607 600
182.658 601
182.708 601
182.759 602
182.809 602
182.859 602
182.91 603
182.96 603
183.011 603
183.061 603
183.112 603
183.162 604
183.212 604
183.263 604
183.313 604
183.364 604
183.414 604
183.465 604
183.515 604
183.565 604
183.616 604
183.666 604
183.717 604
183.767 605
183.818 605
183.868 605
183.918 605
183.969 605
184.019 605
184.07 605
184.12 605
184.171 605
184.221 605
184.271 605
184.322 605
184.372 605
184.423 605
184.473 605
184.524 605
184.574 605
184.625 605
184.675 605
184.725 605
184.776 605
184.826 605
184.877 605
184.927 605
184.978 605
185.028 605
185.078 605
185.129 605
185.179 605
185.23 605
185.28 605
185.331 605
185.381 605
185.431 605
185.482 605
185.532 605
185.583 605
185.633 605
185.684 605
185.734 605
185.784 605
185.835 605
185.885 605
185.936 605
185.986 605
186.037 605
186.087 605
186.137 605
186.188 605
186.238 605
186.289 605
186.339 605
186.39 605
186.44 605
186.491 605
186.541 605
186.591 605
186.642 605
186.692 605
186.743 605
186.793 605
186.844 605
186.894 605
186.944 605
186.995 605
187.045 605
187.096 605
187.146 605
187.197 605
187.247 605
187.297 605
187.348 605
187.398 605
187.449 605
187.499 605
187.55 605
187.6 605
187.65 605
187.701 605
187.751 605
187.802 605
187.852 605
187.903 605
187.953 605
188.003 605
188.054 605
188.104 605
188.155 605
188.205 605
188.256 605
188.306 605
188.356 605
188.407 605
188.457 605
188.508 605
188.558 605
188.609 605
188.659 605
188.71 605
188.76 605
188.81 605
188.861 605
188.911 605
188.962 605
189.012 605
189.063 605
189.113 605
189.163 605
189.214 605
189.264 605
189.315 605
189.365 605
189.416 605
189.466 605
189.516 605
189.567 605
189.617 605
189.668 605
189.718 605
189.769 605
189.819 605
189.869 605
189.92 605
189.97 605
190.021 605
190.071 605
190.122 605
190.172 605
190.222 605
190.273 605
190.323 605
190.374 605
190.424 605
190.475 605
190.525 605
190.575 605
190.626 605
190.676 605
190.727 605
190.777 605
190.828 605
190.878 605
190.929 605
190.979 605
191.029 605
191.08 605
191.13 605
191.181 605
191.231 605
191.282 605
191.332 605
191.382 605
191.433 605
191.483 605
191.534 605
191.584 605
191.635 605
191.685 605
191.735 605
191.786 605
191.836 605
191.887 605
191.937 605
191.988 605
192.038 605
192.088 605
192.139 605
192.189 605
192.24 605
192.29 605
192.341 605
192.391 605
192.441 605
192.492 605
192.542 605
192.593 605
192.643 605
192.694 605
192.744 605
192.795 605
192.845 605
192.895 605
192.946 605
192.996 605
193.047 605
193.097 605
193.148 605
193.198 605
193.248 605
193.299 605
193.349 605
193.4 605
193.45 605
193.501 605
193.551 605
193.601 605
193.652 605
193.702 605
193.753 605
193.803 605
193.854 605
193.904 605
193.954 605
194.005 605
194.055 605
194.106 605
194.156 605
194.207 605
194.257 605
194.307 605
194.358 605
194.408 605
194.459 605
194.509 605
194.56 605
194.61 605
194.66 605
194.711 605
194.761 605
194.812 605
194.862 605
194.913 605
194.963 605
195.014 605
195.064 605
195.114 605
195.165 605
195.215 605
195.266 605
195.316 605
195.367 605
195.417 605
195.467 605
195.518 605
195.568 605
195.619 605
195.669 605
195.72 605
195.77 605
195.82 605
195.871 605
195.921 605
195.972 605
196.022 605
196.073 605
196.123 605
196.173 605
196.224 605
196.274 605
196.325 605
196.375 605
196.426 605
196.476 605
196.526 605
196.577 605
196.627 605
196.678 605
196.728 605
196.779 605
196.829 605
196.879 605
196.93 605
196.98 605
197.031 605
197.081 605
197.132 605
197.182 605
197.233 605
197.283 605
197.333 605
197.384 605
197.434 605
197.485 605
197.535 605
197.586 605
197.636 605
197.686 605
197.737 605
197.787 605
197.838 605
197.888 605
197.939 605
197.989 605
198.039 605
198.09 605
198.14 605
198.191 605
198.241 605
198.292 605
198.342 605
198.392 605
198.443 605
198.493 605
198.544 605
198.594 605
198.645 605
198.695 605
198.745 605
198.796 605
198.846 605
198.897 605
198.947 605
198.998 605
199.048 605
199.099 605
199.149 605
199.199 605
199.25 605
199.3 605
199.351 605
199.401 605
199.452 605
199.502 605
199.552 605
199.603 605
199.653 605
199.704 605
199.754 605
199.805 605
199.855 605
199.905 605
199.956 605
200.006 605
200.057 605
200.107 605
200.158 605
200.208 605
200.258 605
200.309 605
200.359 605
200.41 605
200.46 605
200.511 605
200.561 605
200.611 605
200.662 605
200.712 605
200.763 605
200.813 605
200.864 605
200.914 605
200.964 605
201.015 605
201.065 605
201.116 605
201.166 605
201.217 605
201.267 605
201.318 605
201.368 605
201.418 605
201.469 605
201.519 605
201.57 605
201.62 605
201.671 605
201.721 605
201.771 605
201.822 605
201.872 605
201.923 605
201.973 605
202.024 605
202.074 605
202.124 605
202.175 605
202.225 605
202.276 605
202.326 605
202.377 605
202.427 605
202.477 605
202.528 605
202.578 605
202.629 605
202.679 605
202.73 605
202.78 605
202.83 605
202.881 605
202.931 605
202.982 605
203.032 605
203.083 605
203.133 605
203.183 605
203.234 605
203.284 605
203.335 605
203.385 605
203.436 605
203.486 605
203.537 605
203.587 605
203.637 605
203.688 605
203.738 605
203.789 605
203.839 605
203.89 605
203.94 605
203.99 605
204.041 605
204.091 605
204.142 605
204.192 605
204.243 605
204.293 605
204.343 605
204.394 605
204.444 605
204.495 605
204.545 605
204.596 605
204.646 605
204.696 605
204.747 605
204.797 605
204.848 605
204.898 605
204.949 605
204.999 605
205.049 605
205.1 605
205.15 605
205.201 605
205.251 605
205.302 605
205.352 605
205.403 605
205.453 605
205.503 605
205.554 605
205.604 605
205.655 605
205.705 605
205.756 605
205.806 605
205.856 605
205.907 605
205.957 605
206.008 605
206.058 605
206.109 605
206.159 605
206.209 605
206.26 605
206.31 605
206.361 605
206.411 605
206.462 605
206.512 605
206.562 605
206.613 605
206.663 605
206.714 605
206.764 605
206.815 605
206.865 605
206.915 605
206.966 605
207.016 605
207.067 605
207.117 605
207.168 605
207.218 605
207.268 605
207.319 605
207.369 605
207.42 605
207.47 605
207.521 605
207.571 605
207.622 605
207.672 605
207.722 605
207.773 605
207.823 605
207.874 605
207.924 605
207.975 605
208.025 605
208.075 605
208.126 605
208.176 605
208.227 605
208.277 605
208.328 605
208.378 605
208.428 605
208.479 605
208.529 605
208.58 605
208.63 605
208.681 605
208.731 605
208.781 605
208.832 605
208.882 605
208.933 605
208.983 605
209.034 605
209.084 605
209.134 605
209.185 605
209.235 605
209.286 605
209.336 605
209.387 605
209.437 605
209.487 605
209.538 605
209.588 605
209.639 605
209.689 605
209.74 605
209.79 605
209.841 605
209.891 605
209.941 605
209.992 605
210.042 605
210.093 605
210.143 605
210.194 605
210.244 605
210.294 605
210.345 605
210.395 605
210.446 605
210.496 605
210.547 605
210.597 605
210.647 605
210.698 605
210.748 605
210.799 605
210.849 605
210.9 605
210.95 605
211 605
211.051 605
211.101 605
211.152 605
211.202 605
211.253 605
211.303 605
211.353 605
211.404 605
211.454 605
211.505 605
211.555 605
211.606 605
211.656 605
211.707 605
211.757 605
211.807 605
211.858 605
211.908 605
211.959 605
212.009 605
212.06 605
212.11 605
212.16 605
212.211 605
212.261 605
212.312 605
212.362 605
212.413 605
212.463 605
212.513 605
212.564 605
212.614 605
212.665 605
212.715 605
212.766 605
212.816 605
212.866 605
212.917 605
212.967 605
213.018 605
213.068 605
213.119 605
213.169 605
213.219 605
213.27 605
213.32 605
213.371 605
213.421 605
213.472 605
213.522 605
213.572 605
213.623 605
213.673 605
213.724 605
213.774 605
213.825 605
213.875 605
213.926 605
213.976 605
214.026 605
214.077 605
214.127 605
214.178 605
214.228 605
214.279 605
214.329 605
214.379 605
214.43 605
214.48 605
214.531 605
214.581 605
214.632 605
214.682 605
214.732 605
214.783 605
214.833 605
214.884 605
214.934 605
214.985 605
215.035 605
215.085 605
215.136 605
215.186 605
215.237 605
215.287 605
215.338 605
215.388 605
215.438 605
215.489 605
215.539 605
215.59 605
215.64 605
215.691 605
215.741 605
215.791 605
215.842 605
215.892 605
215.943 605
215.993 605
216.044 605
216.094 605
216.145 605
216.195 605
216.245 605
216.296 605
216.346 605
216.397 605
216.447 605
216.498 605
216.548 605
216.598 605
216.649 605
216.699 605
216.75 605
216.8 605
216.851 605
216.901 605
216.951 605
217.002 605
217.052 605
217.103 605
217.153 605
217.204 605
217.254 605
217.304 605
217.355 605
217.405 605
217.456 605
217.506 605
217.557 605
217.607 605
217.657 605
217.708 605
217.758 605
217.809 605
217.859 605
217.91 605
217.96 605
218.011 605
218.061 605
218.111 605
218.162 605
218.212 605
218.263 605
218.313 605
218.364 605
218.414 605
218.464 605
218.515 605
218.565 605
218.616 605
218.666 605
218.717 605
218.767 605
218.817 605
218.868 605
218.918 605
218.969 605
219.019 605
219.07 605
219.12 605
219.17 605
219.221 605
219.271 605
219.322 605
219.372 605
219.423 605
219.473 605
219.523 605
219.574 605
219.624 605
219.675 605
219.725 605
219.776 605
219.826 605
219.876 605
219.927 605
219.977 605
220.028 605
220.078 605
220.129 605
220.179 605
220.23 605
220.28 605
220.33 605
220.381 605
220.431 605
220.482 605
220.532 605
220.583 605
220.633 605
220.683 605
220.734 605
220.784 605
220.835 605
220.885 605
220.936 605
220.986 605
221.036 605
221.087 605
221.137 605
221.188 605
221.238 605
221.289 605
221.339 605
221.389 605
221.44 605
221.49 605
221.541 605
221.591 605
221.642 605
221.692 605
221.742 605
221.793 605
221.843 605
221.894 605
221.944 605
221.995 605
222.045 605
222.095 605
222.146 605
222.196 605
222.247 605
222.297 605
222.348 605
222.398 605
222.449 605
222.499 605
222.549 605
222.6 605
222.65 605
222.701 605
222.751 605
222.802 605
222.852 605
222.902 605
222.953 605
223.003 605
223.054 605
223.104 605
223.155 605
223.205 605
223.255 605
223.306 605
223.356 605
223.407 605
223.457 605
223.508 605
223.558 605
223.608 605
223.659 605
223.709 605
223.76 605
223.81 605
223.861 605
223.911 605
223.961 605
224.012 605
224.062 605
224.113 605
224.163 605
224.214 605
224.264 605
224.315 605
224.365 605
224.415 605
224.466 605
224.516 605
224.567 605
224.617 605
224.668 605
224.718 605
224.768 605
224.819 605
224.869 605
224.92 605
224.97 605
225.021 605
225.071 605
225.121 605
225.172 605
225.222 605
225.273 605
225.323 605
225.374 605
225.424 605
225.474 605
225.525 605
225.575 605
225.626 605
225.676 605
225.727 605
225.777 605
225.827 605
225.878 605
225.928 605
225.979 605
226.029 605
226.08 605
226.13 605
226.18 605
226.231 605
226.281 605
226.332 605
226.382 605
226.433 605
226.483 605
226.534 605
226.584 605
226.634 605
226.685 605
226.735 605
226.786 605
226.836 605
226.887 605
226.937 605
226.987 605
227.038 605
227.088 605
227.139 605
227.189 605
227.24 605
227.29 605
227.34 605
227.391 605
227.441 605
227.492 605
227.542 605
227.593 605
227.643 605
227.693 605
227.744 605
227.794 605
227.845 605
227.895 605
227.946 605
227.996 605
228.046 605
228.097 605
228.147 605
228.198 605
228.248 605
228.299 605
228.349 605
228.399 605
228.45 605
228.5 605
228.551 605
228.601 605
228.652 605
228.702 605
228.753 605
228.803 605
228.853 605
228.904 605
228.954 605
229.005 605
229.055 605
229.106 605
229.156 605
229.206 605
229.257 605
229.307 605
229.358 605
229.408 605
229.459 605
229.509 605
229.559 605
229.61 605
229.66 605
229.711 605
229.761 605
229.812 605
229.862 605
229.912 605
229.963 605
230.013 605
230.064 605
230.114 605
230.165 605
230.215 605
230.265 605
230.316 605
230.366 605
230.417 605
230.467 605
230.518 605
230.568 605
230.619 605
230.669 605
230.719 605
230.77 605
230.82 605
230.871 605
230.921 605
230.972 605
231.022 605
231.072 605
231.123 605
231.173 605
231.224 605
231.274 605
231.325 605
231.375 605
231.425 605
231.476 605
231.526 605
231.577 605
231.627 605
231.678 605
231.728 605
231.778 605
231.829 605
231.879 605
231.93 605
231.98 605
232.031 605
232.081 605
232.131 605
232.182 605
232.232 605
232.283 605
232.333 605
232.384 605
232.434 605
232.484 605
232.535 605
232.585 605
232.636 605
232.686 605
232.737 605
232.787 605
232.838 605
232.888 605
232.938 605
232.989 605
233.039 605
233.09 605
233.14 605
233.191 605
233.241 605
233.291 605
233.342 605
233.392 605
233.443 605
233.493 605
233.544 605
233.594 605
233.644 605
233.695 605
233.745 605
233.796 605
233.846 605
233.897 605
233.947 605
233.997 605
234.048 605
234.098 605
234.149 605
234.199 605
234.25 605
234.3 605
234.35 605
234.401 605
234.451 605
234.502 605
234.552 605
234.603 605
234.653 605
234.703 605
234.754 605
234.804 605
234.855 605
234.905 605
234.956 605
235.006 605
235.057 605
235.107 605
235.157 605
235.208 605
235.258 605
235.309 605
235.359 605
235.41 605
235.46 605
235.51 605
235.561 605
235.611 605
235.662 605
235.712 605
235.763 605
235.813 605
235.863 605
235.914 605
235.964 605
236.015 605
236.065 605
236.116 605
236.166 605
236.216 605
236.267 605
236.317 605
236.368 605
236.418 605
236.469 605
236.519 605
236.569 605
236.62 605
236.67 605
236.721 605
236.771 605
236.822 605
236.872 605
236.923 605
236.973 605
237.023 605
237.074 605
237.124 605
237.175 605
237.225 605
237.276 605
237.326 605
237.376 605
237.427 605
237.477 605
237.528 605
237.578 605
