60.1976 3740
60.2481 4080
60.2985 4420
60.3489 4760
60.3994 5100
60.4498 5440
60.5002 5780
60.5507 6120
60.6011 6460
60.6515 6800
60.702 7140
60.7524 7480
60.8028 7820
60.8533 8160
60.9037 8500
60.9541 8840
61.0046 9180
61.055 9520
61.1054 9860
61.1558 10200
61.2063 10540
61.2567 10880
61.3071 11220
61.3576 11560
61.408 11900
61.4584 12240
61.5089 12580
61.5593 12920
61.6097 13260
61.6602 13600
61.7106 13940
61.761 14280
61.8115 14620
61.8619 14960
61.9123 15300
61.9628 15640
62.0132 15980
62.0636 16320
62.1141 16660
62.1645 17000
62.2149 17340
62.2654 17680
62.3158 18020
62.3662 18360
62.4166 18700
62.4671 19040
62.5175 19380
62.5679 19720
62.6184 20060
62.6688 20400
62.7192 20740
62.7697 21080
62.8201 21420
62.8705 21760
62.921 22100
62.9714 22440
63.0218 22780
63.0723 23120
63.1227 23460
63.1731 23800
63.2236 24140
63.274 24480
63.3244 24820
63.3749 25160
63.4253 25500
63.4757 25840
63.5262 26180
63.5766 26520
63.627 26860
63.6774 27200
63.7279 27540
63.7783 27880
63.8287 28220
63.8792 28560
63.9296 28900
63.98 29240
64.0305 29580
64.0809 29920
64.1313 30260
64.1818 30600
64.2322 30940
64.2826 31280
64.3331 31620
64.3835 31960
64.4339 32300
64.4844 32640
64.5348 32980
64.5852 33320
64.6357 33660
64.6861 34000
64.7365 34340
64.787 34680
64.8374 35020
64.8878 35360
64.9382 35700
64.9887 36040
65.0391 36380
65.0895 36720
65.14 37060
65.1904 37400
65.2408 37740
65.2913 38080
65.3417 38420
65.3921 38760
65.4426 39100
65.493 39440
65.5434 39780
65.5939 40120
65.6443 40460
65.6947 40800
65.7452 41140
65.7956 41480
65.846 41820
65.8965 42160
65.9469 42500
65.9973 42840
66.0478 43180
66.0982 43520
66.1486 43860
66.199 44200
66.2495 44540
66.2999 44880
66.3503 45220
66.4008 45560
66.4512 45900
66.5016 46240
66.5521 46580
66.6025 46920
66.6529 47260
66.7034 47600
66.7538 47940
66.8042 48280
66.8547 48620
66.9051 48960
66.9555 49300
67.006 49640
67.0564 49980
67.1068 50320
67.1573 50660
67.2077 51000
67.2581 51340
67.3086 51680
67.359 52020
67.4094 52360
67.4598 52700
67.5103 53040
67.5607 53380
67.6111 53720
67.6616 54060
67.712 54400
67.7624 54740
67.8129 55080
67.8633 55420
67.9137 55760
67.9642 56100
68.0146 56440
68.065 56780
68.1155 57120
68.1659 57460
68.2163 57800
68.2668 58140
68.3172 58480
68.3676 58820
68.4181 59160
68.4685 59500
68.5189 59840
68.5694 60180
68.6198 60520
68.6702 60860
68.7206 61200
68.7711 61540
68.8215 61880
68.8719 62220
68.9224 62560
68.9728 62900
69.0232 63240
69.0737 63580
69.1241 63920
69.1745 64260
69.225 64600
69.2754 64940
69.3258 65280
69.3763 65620
69.4267 65960
69.4771 66300
69.5276 66640
69.578 66980
69.6284 67320
69.6789 67660
69.7293 68000
69.7797 68340
69.8302 68680
69.8806 69020
69.931 69360
69.9814 69700
70.0319 70040
70.0823 70380
70.1327 70720
70.1832 71060
70.2336 71400
70.284 71740
70.3345 72080
70.3849 72420
70.4353 72760
70.4858 73100
70.5362 73440
70.5866 73780
70.6371 74120
70.6875 74460
70.7379 74800
70.7884 75140
70.8388 75480
70.8892 75820
70.9397 76160
70.9901 76500
71.0405 76840
71.091 77180
71.1414 77520
71.1918 77860
71.2422 78200
71.2927 78540
71.3431 78880
71.3935 79220
71.444 79560
71.4944 79900
71.5448 80240
71.5953 80580
71.6457 80920
71.6961 81260
71.7466 81600
71.797 81940
71.8474 82280
71.8979 82620
71.9483 82960
71.9987 83300
72.0492 83640
72.0996 83980
72.15 84320
72.2005 84660
72.2509 85000
72.3013 85340
72.3518 85680
72.4022 86020
72.4526 86360
72.503 86700
72.5535 87040
72.6039 87380
72.6543 87720
72.7048 88060
72.7552 88400
72.8056 88740
72.8561 89080
72.9065 89420
72.9569 89760
73.0074 90100
73.0578 90440
73.1082 90780
73.1587 91120
73.2091 91460
73.2595 91800
73.31 92140
73.3604 92480
73.4108 92820
73.4613 93160
73.5117 93500
73.5621 93840
73.6126 94180
73.663 94520
73.7134 94860
73.7638 95200
73.8143 95540
73.8647 95880
73.9151 96220
73.9656 96560
74.016 96900
74.0664 97240
74.1169 97580
74.1673 97920
74.2177 98260
74.2682 98600
74.3186 98940
74.369 99280
74.4195 99620
74.4699 99960
74.5203 100300
74.5708 100640
74.6212 100980
74.6716 101320
74.7221 101660
74.7725 102000
74.8229 102340
74.8734 102680
74.9238 103020
74.9742 103360
75.0246 103700
75.0751 104040
75.1255 104380
75.1759 104720
75.2264 105060
75.2768 105400
75.3272 105740
75.3777 106080
75.4281 106420
75.4785 106760
75.529 107100
75.5794 107440
75.6298 107780
75.6803 108120
75.7307 108460
75.7811 108800
75.8316 109140
75.882 109480
75.9324 109820
75.9829 110160
76.0333 110500
76.0837 110840
76.1342 111180
76.1846 111520
76.235 111860
76.2854 112200
76.3359 112540
76.3863 112880
76.4367 113220
76.4872 113560
76.5376 113900
76.588 114240
76.6385 114580
76.6889 114920
76.7393 115260
76.7898 115600
76.8402 115940
76.8906 116280
76.9411 116620
76.9915 116960
77.0419 117300
77.0924 117640
77.1428 117980
77.1932 118320
77.2437 118660
77.2941 119000
77.3445 119340
77.395 119680
77.4454 120020
77.4958 120360
77.5462 120700
77.5967 121040
77.6471 121380
77.6975 121720
77.748 122060
77.7984 122400
77.8488 122740
77.8993 123080
77.9497 123420
78.0001 123760
78.0506 124100
78.101 124440
78.1514 124780
78.2019 125120
78.2523 125460
78.3027 125800
78.3532 126140
78.4036 126480
78.454 126820
78.5045 127160
78.5549 127500
78.6053 127840
78.6558 128180
78.7062 128520
78.7566 128860
78.807 129200
78.8575 129540
78.9079 129880
78.9583 130220
79.0088 130560
79.0592 130900
79.1096 131240
79.1601 131580
79.2105 131920
79.2609 132260
79.3114 132600
79.3618 132940
79.4122 133280
79.4627 133620
79.5131 133960
79.5635 134300
79.614 134640
79.6644 134980
79.7148 135320
79.7653 135660
79.8157 136000
79.8661 136340
79.9166 136680
79.967 137020
80.0174 137360
80.0678 137700
80.1183 138040
80.1687 138380
80.2191 138720
80.2696 139060
80.32 139400
80.3704 139740
80.4209 140080
80.4713 140420
80.5217 140760
80.5722 141100
80.6226 141440
80.673 141780
80.7235 142120
80.7739 142460
80.8243 142800
80.8748 143140
80.9252 143480
80.9756 143820
81.0261 144160
81.0765 144500
81.1269 144840
81.1774 145180
81.2278 145520
81.2782 145860
81.3286 146200
81.3791 146540
81.4295 146880
81.4799 147220
81.5304 147560
81.5808 147900
81.6312 148240
81.6817 148580
81.7321 148920
81.7825 149260
81.833 149600
81.8834 149940
81.9338 150280
81.9843 150620
82.0347 150960
82.0851 151300
82.1356 151640
82.186 151980
82.2364 152320
82.2869 152660
82.3373 153000
82.3877 153340
82.4382 153680
82.4886 154020
82.539 154360
82.5894 154700
82.6399 155040
82.6903 155380
82.7407 155720
82.7912 156060
82.8416 156400
82.892 156740
82.9425 157080
82.9929 157420
83.0433 157760
83.0938 158100
83.1442 158440
83.1946 158780
83.2451 159120
83.2955 159460
83.3459 159800
83.3964 160140
83.4468 160480
83.4972 160820
83.5477 161160
83.5981 161500
83.6485 161840
83.699 162180
83.7494 162520
83.7998 162860
83.8502 163200
83.9007 163540
83.9511 163880
84.0015 164220
84.052 164560
84.1024 164900
84.1528 165240
84.2033 165580
84.2537 165920
84.3041 166260
84.3546 166600
84.405 166940
84.4554 167280
84.5059 167620
84.5563 167960
84.6067 168300
84.6572 168640
84.7076 168980
84.758 169320
84.8085 169660
84.8589 170000
84.9093 170340
84.9598 170680
85.0102 171020
85.0606 171360
85.111 171700
85.1615 172040
85.2119 172380
85.2623 172720
85.3128 173060
85.3632 173400
85.4136 173740
85.4641 174080
85.5145 174420
85.5649 174760
85.6154 175100
85.6658 175440
85.7162 175780
85.7667 176120
85.8171 176460
85.8675 176800
85.918 177140
85.9684 177480
86.0188 177820
86.0693 178160
86.1197 178500
86.1701 178840
86.2206 179180
86.271 179520
86.3214 179860
86.3718 180200
86.4223 180540
86.4727 180880
86.5231 181220
86.5736 181560
86.624 181900
86.6744 182240
86.7249 182580
86.7753 182920
86.8257 183260
86.8762 183600
86.9266 183940
86.977 184280
87.0275 184620
87.0779 184960
87.1283 185300
87.1788 185640
87.2292 185980
87.2796 186320
87.3301 186660
87.3805 187000
87.4309 187340
87.4814 187680
87.5318 188020
87.5822 188360
87.6326 188700
87.6831 189040
87.7335 189380
87.7839 189720
87.8344 190060
87.8848 190400
87.9352 190740
87.9857 191080
88.0361 191420
88.0865 191760
88.137 192100
88.1874 192440
88.2378 192780
88.2883 193120
88.3387 193460
88.3891 193800
88.4396 194140
88.49 194480
88.5404 194820
88.5909 195160
88.6413 195500
88.6917 195840
88.7422 196180
88.7926 196520
88.843 196860
88.8934 197200
88.9439 197540
88.9943 197880
89.0447 198220
89.0952 198560
89.1456 198900
89.196 199240
89.2465 199580
89.2969 199920
89.3473 200260
89.3978 200600
89.4482 200940
89.4986 201280
89.5491 201620
89.5995 201960
89.6499 202300
89.7004 202640
89.7508 202980
89.8012 203320
89.8517 203660
89.9021 204000
89.9525 204340
90.003 204680
90.0534 205020
90.1038 205360
90.1542 205700
90.2047 206040
90.2551 206380
90.3055 206720
90.356 207060
90.4064 207400
90.4568 207740
90.5073 208080
90.5577 208420
90.6081 208760
90.6586 209100
90.709 209440
90.7594 209780
90.8099 210120
90.8603 210460
90.9107 210800
90.9612 211140
91.0116 211480
91.062 211820
91.1125 212160
91.1629 212500
91.2133 212840
91.2638 213180
91.3142 213520
91.3646 213860
91.415 214200
91.4655 214540
91.5159 214880
91.5663 215220
91.6168 215560
91.6672 215900
91.7176 216240
91.7681 216580
91.8185 216920
91.8689 217260
91.9194 217600
91.9698 217940
92.0202 218280
92.0707 218620
92.1211 218960
92.1715 219300
92.222 219640
92.2724 219980
92.3228 220320
92.3733 220660
92.4237 221000
92.4741 221340
92.5246 221680
92.575 222020
92.6254 222360
92.6758 222700
92.7263 223040
92.7767 223380
92.8271 223720
92.8776 224060
92.928 224400
92.9784 224740
93.0289 225080
93.0793 225420
93.1297 225760
93.1802 226100
93.2306 226440
93.281 226780
93.3315 227120
93.3819 227460
93.4323 227800
93.4828 228140
93.5332 228480
93.5836 228820
93.6341 229160
93.6845 229500
93.7349 229840
93.7854 230180
93.8358 230520
93.8862 230860
93.9366 231200
93.9871 231540
94.0375 231880
94.0879 232220
94.1384 232560
94.1888 232900
94.2392 233240
94.2897 233580
94.3401 233920
94.3905 234260
94.441 234600
94.4914 234940
94.5418 235280
94.5923 235620
94.6427 235960
94.6931 236300
94.7436 236640
94.794 236980
94.8444 237320
94.8949 237660
94.9453 238000
94.9957 238340
95.0462 238680
95.0966 239020
95.147 239360
95.1974 239700
95.2479 240040
95.2983 240380
95.3487 240720
95.3992 241060
95.4496 241400
95.5 241740
95.5505 242080
95.6009 242420
95.6513 242760
95.7018 243100
95.7522 243440
95.8026 243780
95.8531 244120
95.9035 244460
95.9539 244800
96.0044 245140
96.0548 245480
96.1052 245820
96.1557 246160
96.2061 246500
96.2565 246840
96.307 247180
96.3574 247520
96.4078 247860
96.4582 248200
96.5087 248540
96.5591 248880
96.6095 249220
96.66 249560
96.7104 249900
96.7608 250240
96.8113 250580
96.8617 250920
96.9121 251260
96.9626 251600
97.013 251940
97.0634 252280
97.1139 252620
97.1643 252960
97.2147 253300
97.2652 253640
97.3156 253980
97.366 254320
97.4165 254660
97.4669 255000
97.5173 255340
97.5678 255680
97.6182 256020
97.6686 256360
97.719 256700
97.7695 257040
97.8199 257380
97.8703 257720
97.9208 258060
97.9712 258400
98.0216 258740
98.0721 259080
98.1225 259420
98.1729 259760
98.2234 260100
98.2738 260440
98.3242 260780
98.3747 261120
98.4251 261460
98.4755 261800
98.526 262140
98.5764 262480
98.6268 262820
98.6773 263160
98.7277 263500
98.7781 263840
98.8286 264180
98.879 264520
98.9294 264860
98.9798 265200
99.0303 265540
99.0807 265880
99.1311 266220
99.1816 266560
99.232 266900
99.2824 267240
99.3329 267580
99.3833 267920
99.4337 268260
99.4842 268600
99.5346 268940
99.585 269280
99.6355 269620
99.6859 269960
99.7363 270300
99.7868 270640
99.8372 270980
99.8876 271320
99.9381 271660
99.9885 272000
100.039 272340
100.089 272680
100.14 273020
100.19 273360
100.241 273700
100.291 274040
100.342 274380
100.392 274720
100.442 275060
100.493 275400
100.543 275740
100.594 276080
100.644 276420
100.695 276760
100.745 277100
100.795 277440
100.846 277780
100.896 278120
100.947 278460
100.997 278800
101.048 279140
101.098 279480
101.148 279820
101.199 280160
101.249 280500
101.3 280840
101.35 281180
101.401 281520
101.451 281860
101.501 282200
101.552 282540
101.602 282880
101.653 283220
101.703 283560
101.754 283900
101.804 284240
101.854 284580
101.905 284920
101.955 285260
102.006 285600
102.056 285940
102.107 286280
102.157 286620
102.207 286960
102.258 287300
102.308 287640
102.359 287980
102.409 288320
102.46 288660
102.51 289000
102.561 289340
102.611 289680
102.661 290020
102.712 290360
102.762 290700
102.813 291040
102.863 291380
102.914 291720
102.964 292060
103.014 292400
103.065 292740
103.115 293080
103.166 293420
103.216 293760
103.267 294100
103.317 294440
103.367 294780
103.418 295120
103.468 295460
103.519 295800
103.569 296140
103.62 296480
103.67 296820
103.72 297160
103.771 297500
103.821 297840
103.872 298180
103.922 298520
103.973 298860
104.023 299200
104.073 299540
104.124 299880
104.174 300220
104.225 300560
104.275 300900
104.326 301240
104.376 301580
104.427 301920
104.477 302260
104.527 302600
104.578 302940
104.628 303280
104.679 303620
104.729 303960
104.78 304300
104.83 304640
104.88 304980
104.931 305320
104.981 305660
105.032 306000
105.082 306340
105.133 306680
105.183 307020
105.233 307360
105.284 307700
105.334 308040
105.385 308380
105.435 308720
105.486 309060
105.536 309400
105.586 309740
105.637 310080
105.687 310420
105.738 310760
105.788 311100
105.839 311440
105.889 311780
105.939 312120
105.99 312460
106.04 312800
106.091 313140
106.141 313480
106.192 313820
106.242 314160
106.292 314500
106.343 314840
106.393 315180
106.444 315520
106.494 315860
106.545 316200
106.595 316540
106.646 316880
106.696 317220
106.746 317560
106.797 317900
106.847 318240
106.898 318580
106.948 318920
106.999 319260
107.049 319600
107.099 319940
107.15 320280
107.2 320620
107.251 320960
107.301 321300
107.352 321640
107.402 321980
107.452 322320
107.503 322660
107.553 323000
107.604 323340
107.654 323680
107.705 324020
107.755 324360
107.805 324700
107.856 325040
107.906 325380
107.957 325720
108.007 326060
108.058 326400
108.108 326740
108.158 327080
108.209 327420
108.259 327760
108.31 328100
108.36 328440
108.411 328780
108.461 329120
108.511 329460
108.562 329800
108.612 330140
108.663 330480
108.713 330820
108.764 331160
108.814 331500
108.865 331840
108.915 332180
108.965 332520
109.016 332860
109.066 333200
109.117 333540
109.167 333880
109.218 334220
109.268 334560
109.318 334900
109.369 335240
109.419 335580
109.47 335920
109.52 336260
109.571 336600
109.621 336940
109.671 337280
109.722 337620
109.772 337960
109.823 338300
109.873 338640
109.924 338980
109.974 339320
110.024 339660
110.075 340000
110.125 340340
110.176 340680
110.226 341020
110.277 341360
110.327 341700
110.377 342040
110.428 342380
110.478 342720
110.529 343060
110.579 343400
110.63 343740
110.68 344080
110.731 344420
110.781 344760
110.831 345100
110.882 345440
110.932 345780
110.983 346120
111.033 346460
111.084 346800
111.134 347140
111.184 347480
111.235 347820
111.285 348160
111.336 348500
111.386 348840
111.437 349180
111.487 349520
111.537 349860
111.588 350200
111.638 350540
111.689 350880
111.739 351220
111.79 351560
111.84 351900
111.89 352240
111.941 352580
111.991 352920
112.042 353260
112.092 353600
112.143 353940
112.193 354280
112.243 354620
112.294 354960
112.344 355300
112.395 355640
112.445 355980
112.496 356320
112.546 356660
112.596 357000
112.647 357340
112.697 357680
112.748 358020
112.798 358360
112.849 358700
112.899 359040
112.95 359380
113 359720
113.05 360060
113.101 360400
113.151 360740
113.202 361080
113.252 361420
113.303 361760
113.353 362100
113.403 362440
113.454 362780
113.504 363120
113.555 363460
113.605 363800
113.656 364140
113.706 364480
113.756 364820
113.807 365160
113.857 365500
113.908 365840
113.958 366180
114.009 366520
114.059 366860
114.109 367200
114.16 367540
114.21 367880
114.261 368220
114.311 368560
114.362 368900
114.412 369240
114.462 369580
114.513 369920
114.563 370260
114.614 370600
114.664 370940
114.715 371280
114.765 371620
114.815 371960
114.866 372300
114.916 372640
114.967 372980
115.017 373320
115.068 373660
115.118 374000
115.169 374340
115.219 374680
115.269 375020
115.32 375360
115.37 375700
115.421 376040
115.471 376380
115.522 376720
115.572 377060
115.622 377400
115.673 377740
115.723 378080
115.774 378420
115.824 378760
115.875 379100
115.925 379440
115.975 379780
116.026 380120
116.076 380460
116.127 380800
116.177 381140
116.228 381480
116.278 381820
116.328 382160
116.379 382500
116.429 382840
116.48 383180
116.53 383520
116.581 383860
116.631 384200
116.681 384540
116.732 384880
116.782 385220
116.833 385560
116.883 385900
116.934 386240
116.984 386580
117.035 386920
117.085 387260
117.135 387600
117.186 387940
117.236 388280
117.287 388620
117.337 388960
117.388 389300
117.438 389640
117.488 389980
117.539 390320
117.589 390660
117.64 391000
117.69 391340
117.741 391680
117.791 392020
117.841 392360
117.892 392700
117.942 393040
117.993 393380
118.043 393720
118.094 394060
118.144 394400
118.194 394740
118.245 395080
118.295 395420
118.346 395760
118.396 396100
118.447 396440
118.497 396780
118.547 397120
118.598 397460
118.648 397800
118.699 398140
118.749 398480
118.8 398820
118.85 399160
118.9 399500
118.951 399840
119.001 400180
119.052 400520
119.102 400860
119.153 401200
119.203 401540
119.254 401880
119.304 402220
119.354 402560
119.405 402900
119.455 403240
119.506 403580
119.556 403920
119.607 404260
119.657 404600
119.707 404940
119.758 405280
119.808 405620
119.859 405960
119.909 406300
119.96 406640
120.01 406980
120.06 407320
120.111 407660
120.161 408000
120.212 408340
120.262 408680
120.313 409020
120.363 409360
120.413 409700
120.464 410040
120.514 410380
120.565 410720
120.615 411060
120.666 411400
120.716 411740
120.766 412080
120.817 412420
120.867 412760
120.918 413100
120.968 413440
121.019 413780
121.069 414120
121.119 414460
121.17 414800
121.22 415140
121.271 415480
121.321 415820
121.372 416160
121.422 416500
121.473 416840
121.523 417180
121.573 417520
121.624 417860
121.674 418200
121.725 418540
121.775 418880
121.826 419220
121.876 419560
121.926 419900
121.977 420240
122.027 420580
122.078 420920
122.128 421260
122.179 421600
122.229 421940
122.279 422280
122.33 422620
122.38 422960
122.431 423300
122.481 423640
122.532 423980
122.582 424320
122.632 424660
122.683 425000
122.733 425340
122.784 425680
122.834 426020
122.885 426360
122.935 426700
122.985 427040
123.036 427380
123.086 427720
123.137 428060
123.187 428400
123.238 428740
123.288 429080
123.339 429420
123.389 429760
123.439 430100
123.49 430440
123.54 430780
123.591 431120
123.641 431460
123.692 431800
123.742 432140
123.792 432480
123.843 432820
123.893 433160
123.944 433500
123.994 433840
124.045 434180
124.095 434520
124.145 434860
124.196 435200
124.246 435540
124.297 435880
124.347 436220
124.398 436560
124.448 436900
124.498 437240
124.549 437580
124.599 437920
124.65 438260
124.7 438600
124.751 438940
124.801 439280
124.851 439620
124.902 439960
124.952 440300
125.003 440640
125.053 440980
125.104 441320
125.154 441660
125.204 442000
125.255 442340
125.305 442680
125.356 443020
125.406 443360
125.457 443700
125.507 444040
125.558 444380
125.608 444720
125.658 445060
125.709 445400
125.759 445740
125.81 446080
125.86 446420
125.911 446760
125.961 447100
126.011 447440
126.062 447780
126.112 448120
126.163 448460
126.213 448800
126.264 449140
126.314 449480
126.364 449820
126.415 450160
126.465 450500
126.516 450840
126.566 451180
126.617 451520
126.667 451860
126.717 452200
126.768 452540
126.818 452880
126.869 453220
126.919 453560
126.97 453900
127.02 454240
127.07 454580
127.121 454920
127.171 455260
127.222 455600
127.272 455940
127.323 456280
127.373 456620
127.423 456960
127.474 457300
127.524 457640
127.575 457980
127.625 458320
127.676 458660
127.726 459000
127.777 459340
127.827 459680
127.877 460020
127.928 460360
127.978 460700
128.029 461040
128.079 461380
128.13 461720
128.18 462060
128.23 462400
128.281 462740
128.331 463080
128.382 463420
128.432 463760
128.483 464100
128.533 464440
128.583 464780
128.634 465120
128.684 465460
128.735 465800
128.785 466140
128.836 466480
128.886 466820
128.936 467160
128.987 467500
129.037 467840
129.088 468180
129.138 468520
129.189 468860
129.239 469200
129.289 469540
129.34 469880
129.39 470220
129.441 470560
129.491 470900
129.542 471240
129.592 471580
129.643 471920
129.693 472260
129.743 472600
129.794 472940
129.844 473280
129.895 473620
129.945 473960
129.996 474300
130.046 474640
130.096 474980
130.147 475320
130.197 475660
130.248 476000
130.298 476340
130.349 476680
130.399 477020
130.449 477360
130.5 477700
130.55 478040
130.601 478380
130.651 478720
130.702 479060
130.752 479400
130.802 479740
130.853 480080
130.903 480420
130.954 480760
131.004 481100
131.055 481440
131.105 481780
131.155 482120
131.206 482460
131.256 482800
131.307 483140
131.357 483480
131.408 483820
131.458 484160
131.508 484500
131.559 484840
131.609 485180
131.66 485520
131.71 485860
131.761 486200
131.811 486540
131.862 486880
131.912 487220
131.962 487560
132.013 487900
132.063 488240
132.114 488580
132.164 488920
132.215 489260
132.265 489600
132.315 489940
132.366 490280
132.416 490620
132.467 490960
132.517 491300
132.568 491640
132.618 491980
132.668 492320
132.719 492660
132.769 493000
132.82 493340
132.87 493680
132.921 494020
132.971 494360
133.021 494700
133.072 495040
133.122 495380
133.173 495720
133.223 496060
133.274 496400
133.324 496740
133.374 497080
133.425 497420
133.475 497760
133.526 498100
133.576 498440
133.627 498780
133.677 499120
133.727 499460
133.778 499800
133.828 500140
133.879 500480
133.929 500820
133.98 501160
134.03 501500
134.081 501840
134.131 502180
134.181 502520
134.232 502860
134.282 503200
134.333 503540
134.383 503880
134.434 504220
134.484 504560
134.534 504900
134.585 505240
134.635 505580
134.686 505920
134.736 506260
134.787 506600
134.837 506940
134.887 507280
134.938 507620
134.988 507960
135.039 508300
135.089 508640
135.14 508980
135.19 509320
135.24 509660
135.291 510000
135.341 510340
135.392 510680
135.442 511020
135.493 511360
135.543 511700
135.593 512040
135.644 512380
135.694 512720
135.745 513060
135.795 513400
135.846 513740
135.896 514080
135.947 514420
135.997 514760
136.047 515100
136.098 515440
136.148 515780
136.199 516120
136.249 516460
136.3 516800
136.35 517140
136.4 517480
136.451 517820
136.501 518160
136.552 518500
136.602 518840
136.653 519180
136.703 519520
136.753 519860
136.804 520200
136.854 520540
136.905 520880
136.955 521220
137.006 521560
137.056 521900
137.106 522240
137.157 522580
137.207 522920
137.258 523260
137.308 523600
137.359 523940
137.409 524280
137.459 524620
137.51 524960
137.56 525300
137.611 525640
137.661 525980
137.712 526320
137.762 526660
137.812 527000
137.863 527340
137.913 527680
137.964 528020
138.014 528360
138.065 528700
138.115 529040
138.166 529380
138.216 529720
138.266 530060
138.317 530400
138.367 530740
138.418 531080
138.468 531420
138.519 531760
138.569 532100
138.619 532440
138.67 532780
138.72 533120
138.771 533460
138.821 533800
138.872 534140
138.922 534480
138.972 534820
139.023 535160
139.073 535500
139.124 535840
139.174 536180
139.225 536520
139.275 536860
139.325 537200
139.376 537540
139.426 537880
139.477 538220
139.527 538560
139.578 538900
139.628 539240
139.678 539580
139.729 539920
139.779 540260
139.83 540600
139.88 540940
139.931 541280
139.981 541620
140.031 541960
140.082 542300
140.132 542640
140.183 542980
140.233 543320
140.284 543660
140.334 544000
140.385 544340
140.435 544680
140.485 545020
140.536 545360
140.586 545700
140.637 546040
140.687 546380
140.738 546720
140.788 547060
140.838 547400
140.889 547740
140.939 548080
140.99 548420
141.04 548760
141.091 549100
141.141 549440
141.191 549780
141.242 550120
141.292 550460
141.343 550800
141.393 551140
141.444 551480
141.494 551820
141.544 552160
141.595 552500
141.645 552840
141.696 553180
141.746 553520
141.797 553860
141.847 554200
141.897 554540
141.948 554880
141.998 555220
142.049 555560
142.099 555900
142.15 556240
142.2 556580
142.251 556920
142.301 557260
142.351 557600
142.402 557940
142.452 558280
142.503 558620
142.553 558960
142.604 559300
142.654 559640
142.704 559980
142.755 560320
142.805 560660
142.856 561000
142.906 561340
142.957 561680
143.007 562020
143.057 562360
143.108 562700
143.158 563040
143.209 563380
143.259 563720
143.31 564060
143.36 564400
143.41 564740
143.461 565080
143.511 565420
143.562 565760
143.612 566100
143.663 566440
143.713 566780
143.763 567120
143.814 567460
143.864 567800
143.915 568140
143.965 568480
144.016 568820
144.066 569160
144.116 569500
144.167 569840
144.217 570180
144.268 570520
144.318 570860
144.369 571200
144.419 571540
144.47 571880
144.52 572220
144.57 572560
144.621 572900
144.671 573240
144.722 573580
144.772 573920
144.823 574260
144.873 574600
144.923 574940
144.974 575280
145.024 575620
145.075 575960
145.125 576300
145.176 576640
145.226 576980
145.276 577320
145.327 577660
145.377 578000
145.428 578340
145.478 578680
145.529 579020
145.579 579360
145.629 579700
145.68 580040
145.73 580380
145.781 580720
145.831 581060
145.882 581400
145.932 581740
145.982 582080
146.033 582420
146.083 582760
146.134 583100
146.184 583440
146.235 583780
146.285 584120
146.335 584460
146.386 584800
146.436 585140
146.487 585480
146.537 585820
146.588 586160
146.638 586500
146.689 586840
146.739 587180
146.789 587520
146.84 587860
146.89 588200
146.941 588540
146.991 588880
147.042 589220
147.092 589560
147.142 589900
147.193 590240
147.243 590580
147.294 590920
147.344 591260
147.395 591600
147.445 591940
147.495 592280
147.546 592620
147.596 592960
147.647 593300
147.697 593640
147.748 593980
147.798 594320
147.848 594660
147.899 595000
147.949 595340
148 595680
148.05 596020
148.101 596360
148.151 596700
148.201 597040
148.252 597380
148.302 597720
148.353 598060
148.403 598400
148.454 598740
148.504 599080
148.555 599420
148.605 599760
148.655 600100
148.706 600440
148.756 600780
148.807 601120
148.857 601460
148.908 601800
148.958 602140
149.008 602480
149.059 602820
149.109 603160
149.16 603500
149.21 603840
149.261 604180
149.311 604520
149.361 604860
149.412 605200
149.462 605540
149.513 605880
149.563 606220
149.614 606560
149.664 606900
149.714 607240
149.765 607580
149.815 607920
149.866 608260
149.916 608600
149.967 608940
150.017 609280
150.067 609620
150.118 609960
150.168 610300
150.219 610640
150.269 610980
150.32 611320
150.37 611660
150.42 612000
150.471 612340
150.521 612680
150.572 613020
150.622 613360
150.673 613700
150.723 614040
150.774 614380
150.824 614720
150.874 615060
150.925 615400
150.975 615740
151.026 616080
151.076 616420
151.127 616760
151.177 617100
151.227 617440
151.278 617780
151.328 618120
151.379 618460
151.429 618800
151.48 619140
151.53 619480
151.58 619820
151.631 620160
151.681 620500
151.732 620840
151.782 621180
151.833 621520
151.883 621860
151.933 622200
151.984 622540
152.034 622880
152.085 623220
152.135 623560
152.186 623900
152.236 624240
152.286 624580
152.337 624920
152.387 625260
152.438 625600
152.488 625940
152.539 626280
152.589 626620
152.639 626960
152.69 627300
152.74 627640
152.791 627980
152.841 628320
152.892 628660
152.942 629000
152.993 629340
153.043 629680
153.093 630020
153.144 630360
153.194 630700
153.245 631040
153.295 631380
153.346 631720
153.396 632060
153.446 632400
153.497 632740
153.547 633080
153.598 633420
153.648 633760
153.699 634100
153.749 634440
153.799 634780
153.85 635120
153.9 635460
153.951 635800
154.001 636140
154.052 636480
154.102 636820
154.152 637160
154.203 637500
154.253 637840
154.304 638180
154.354 638520
154.405 638860
154.455 639200
154.505 639540
154.556 639880
154.606 640220
154.657 640560
154.707 640900
154.758 641240
154.808 641580
154.859 641920
154.909 642260
154.959 642600
155.01 642940
155.06 643280
155.111 643620
155.161 643960
155.212 644300
155.262 644640
155.312 644980
155.363 645320
155.413 645660
155.464 646000
155.514 646340
155.565 646680
155.615 647020
155.665 647360
155.716 647700
155.766 648040
155.817 648380
155.867 648720
155.918 649060
155.968 649400
156.018 649740
156.069 650080
156.119 650420
156.17 650760
156.22 651100
156.271 651440
156.321 651780
156.371 652120
156.422 652460
156.472 652800
156.523 653140
156.573 653480
156.624 653820
156.674 654160
156.724 654500
156.775 654840
156.825 655180
156.876 655520
156.926 655860
156.977 656200
157.027 656540
157.078 656880
157.128 657220
157.178 657560
157.229 657900
157.279 658240
157.33 658580
157.38 658920
157.431 659260
157.481 659600
157.531 659940
157.582 660280
157.632 660620
157.683 660960
157.733 661300
157.784 661640
157.834 661980
157.884 662320
157.935 662660
157.985 663000
158.036 663340
158.086 663680
158.137 664020
158.187 664360
158.237 664700
158.288 665040
158.338 665380
158.389 665720
158.439 666060
158.49 666400
158.54 666740
158.59 667080
158.641 667420
158.691 667760
158.742 668100
158.792 668440
158.843 668780
158.893 669120
158.943 669460
158.994 669800
159.044 670140
159.095 670480
159.145 670820
159.196 671160
159.246 671500
159.297 671840
159.347 672180
159.397 672520
159.448 672860
159.498 673200
159.549 673540
159.599 673880
159.65 674220
159.7 674560
159.75 674900
159.801 675240
159.851 675580
159.902 675920
159.952 676260
160.003 676600
160.053 676940
160.103 677280
160.154 677620
160.204 677960
160.255 678300
160.305 678640
160.356 678980
160.406 679320
160.456 679660
160.507 680000
160.557 680340
160.608 680680
160.658 681020
160.709 681360
160.759 681700
160.809 682040
160.86 682380
160.91 682720
160.961 683060
161.011 683400
161.062 683740
161.112 684080
161.163 684420
161.213 684760
161.263 685100
161.314 685440
161.364 685780
161.415 686120
161.465 686460
161.516 686800
161.566 687140
161.616 687480
161.667 687820
161.717 688160
161.768 688500
161.818 688840
161.869 689180
161.919 689520
161.969 689860
162.02 690200
162.07 690540
162.121 690880
162.171 691220
162.222 691560
162.272 691900
162.322 692240
162.373 692580
162.423 692920
162.474 693260
162.524 693600
162.575 693940
162.625 694280
162.675 694620
162.726 694960
162.776 695300
162.827 695640
162.877 695980
162.928 696320
162.978 696660
163.028 697000
163.079 697340
163.129 697680
163.18 698020
163.23 698360
163.281 698700
163.331 699040
163.382 699380
163.432 699720
163.482 700060
163.533 700400
163.583 700740
163.634 701080
163.684 701420
163.735 701760
163.785 702100
163.835 702440
163.886 702780
163.936 703120
163.987 703460
164.037 703800
164.088 704140
164.138 704480
164.188 704820
164.239 705160
164.289 705500
164.34 705840
164.39 706180
164.441 706520
164.491 706860
164.541 707200
164.592 707540
164.642 707880
164.693 708220
164.743 708560
164.794 708900
164.844 709240
164.894 709580
164.945 709920
164.995 710260
165.046 710600
165.096 710940
165.147 711280
165.197 711620
165.247 711960
165.298 712300
165.348 712640
165.399 712980
165.449 713320
165.5 713660
165.55 714000
165.601 714340
165.651 714680
165.701 715020
165.752 715360
165.802 715700
165.853 716040
165.903 716380
165.954 716720
166.004 717060
166.054 717400
166.105 717740
166.155 718080
166.206 718420
166.256 718760
166.307 719100
166.357 719440
166.407 719780
166.458 720120
166.508 720460
166.559 720800
166.609 721140
166.66 721480
166.71 721820
166.76 722160
166.811 722500
166.861 722840
166.912 723180
166.962 723520
167.013 723860
167.063 724200
167.113 724540
167.164 724880
167.214 725220
167.265 725560
167.315 725900
167.366 726240
167.416 726580
167.467 726920
167.517 727260
167.567 727600
167.618 727940
167.668 728280
167.719 728620
167.769 728960
167.82 729300
167.87 729640
167.92 729980
167.971 730320
168.021 730660
168.072 731000
168.122 731340
168.173 731680
168.223 732020
168.273 732360
168.324 732700
168.374 733040
168.425 733380
168.475 733720
168.526 734060
168.576 734400
168.626 734740
168.677 735080
168.727 735420
168.778 735760
168.828 736100
168.879 736440
168.929 736780
168.979 737120
169.03 737460
169.08 737800
169.131 738140
169.181 738480
169.232 738820
169.282 739160
169.332 739500
169.383 739840
169.433 740180
169.484 740520
169.534 740860
169.585 741200
169.635 741540
169.686 741880
169.736 742220
169.786 742560
169.837 742900
169.887 743240
169.938 743580
169.988 743920
170.039 744260
170.089 744600
170.139 744940
170.19 745280
170.24 745620
170.291 745960
170.341 746300
170.392 746640
170.442 746980
170.492 747320
170.543 747660
170.593 748000
170.644 748340
170.694 748680
170.745 749020
170.795 749360
170.845 749700
170.896 750040
170.946 750380
170.997 750720
171.047 751060
171.098 751400
171.148 751740
171.198 752080
171.249 752420
171.299 752760
171.35 753100
171.4 753440
171.451 753780
171.501 754120
171.551 754460
171.602 754800
171.652 755140
171.703 755480
171.753 755820
171.804 756160
171.854 756500
171.905 756840
171.955 757180
172.005 757520
172.056 757860
172.106 758200
172.157 758540
172.207 758880
172.258 759220
172.308 759560
172.358 759900
172.409 760240
172.459 760580
172.51 760920
172.56 761260
172.611 761600
172.661 761940
172.711 762280
172.762 762620
172.812 762960
172.863 763300
172.913 763640
172.964 763980
173.014 764320
173.064 764660
173.115 765000
173.165 765340
173.216 765680
173.266 766020
173.317 766360
173.367 766700
173.417 767040
173.468 767380
173.518 767720
173.569 768060
173.619 768400
173.67 768740
173.72 769080
173.771 769420
173.821 769760
173.871 770100
173.922 770440
173.972 770780
174.023 771120
174.073 771460
174.124 771800
174.174 772140
174.224 772480
174.275 772820
174.325 773160
174.376 773500
174.426 773840
174.477 774180
174.527 774520
174.577 774860
174.628 775200
174.678 775540
174.729 775880
174.779 776220
174.83 776560
174.88 776900
174.93 777240
174.981 777580
175.031 777920
175.082 778260
175.132 778600
175.183 778940
175.233 779280
175.283 779620
175.334 779960
175.384 780300
175.435 780640
175.485 780980
175.536 781320
175.586 781660
175.636 782000
175.687 782340
175.737 782680
175.788 783020
175.838 783360
175.889 783700
175.939 784040
175.99 784380
176.04 784720
176.09 785060
176.141 785400
176.191 785740
176.242 786080
176.292 786420
176.343 786760
176.393 787100
176.443 787440
176.494 787780
176.544 788120
176.595 788460
176.645 788800
176.696 789140
176.746 789480
176.796 789820
176.847 790160
176.897 790500
176.948 790840
176.998 791180
177.049 791520
177.099 791860
177.149 792200
177.2 792540
177.25 792880
177.301 793220
177.351 793560
177.402 793900
177.452 794240
177.502 794580
177.553 794920
177.603 795260
177.654 795600
177.704 795940
177.755 796280
177.805 796620
177.855 796960
177.906 797300
177.956 797640
178.007 797980
178.057 798320
178.108 798660
178.158 799000
178.209 799340
178.259 799680
178.309 800020
178.36 800360
178.41 800700
178.461 801040
178.511 801380
178.562 801720
178.612 802060
178.662 802400
178.713 802740
178.763 803080
178.814 803420
178.864 803760
178.915 804100
178.965 804440
179.015 804780
179.066 805120
179.116 805460
179.167 805800
179.217 806140
179.268 806480
179.318 806820
179.368 807160
179.419 807500
179.469 807840
179.52 808180
179.57 808520
179.621 808860
179.671 809200
179.721 809540
179.772 809880
179.822 810220
179.873 810560
179.923 810900
179.974 811240
180.024 811580
180.075 811920
180.125 812260
180.175 812600
180.226 812940
180.276 813280
180.327 813620
180.377 813960
180.428 814300
180.478 814640
180.528 814980
180.579 815320
180.629 815660
180.68 816000
180.73 816340
180.781 816680
180.831 817020
180.881 817360
180.932 817700
180.982 818040
181.033 818380
181.083 818720
181.134 819060
181.184 819400
181.234 819740
181.285 820080
181.335 820420
181.386 820760
181.436 821100
181.487 821440
181.537 821780
181.587 822120
181.638 822460
181.688 822800
181.739 823140
181.789 823480
181.84 823820
181.89 824160
181.94 824500
181.991 824840
182.041 825180
182.092 825520
182.142 825860
182.193 826200
182.243 826540
182.294 826880
182.344 827220
182.394 827560
182.445 827900
182.495 828240
182.546 828580
182.596 828920
182.647 829260
182.697 829600
182.747 829940
182.798 830280
182.848 830620
182.899 830960
182.949 831300
183 831640
183.05 831980
183.1 832320
183.151 832660
183.201 833000
183.252 833340
183.302 833680
183.353 834020
183.403 834360
183.453 834700
183.504 835040
183.554 835380
183.605 835720
183.655 836060
183.706 836400
183.756 836740
183.806 837080
183.857 837420
183.907 837760
183.958 838100
184.008 838440
184.059 838780
184.109 839120
184.159 839460
184.21 839800
184.26 840140
184.311 840480
184.361 840820
184.412 841160
184.462 841500
184.513 841840
184.563 842180
184.613 842520
184.664 842860
184.714 843200
184.765 843540
184.815 843880
184.866 844220
184.916 844560
184.966 844900
185.017 845240
185.067 845580
185.118 845920
185.168 846260
185.219 846600
185.269 846940
185.319 847280
185.37 847620
185.42 847960
185.471 848300
185.521 848640
185.572 848980
185.622 849320
185.672 849660
185.723 850000
185.773 850340
185.824 850680
185.874 851020
185.925 851360
185.975 851700
186.025 852040
186.076 852380
186.126 852720
186.177 853060
186.227 853400
186.278 853740
186.328 854080
186.379 854420
186.429 854760
186.479 855100
186.53 855440
186.58 855780
186.631 856120
186.681 856460
186.732 856800
186.782 857140
186.832 857480
186.883 857820
186.933 858160
186.984 858500
187.034 858840
187.085 859180
187.135 859520
187.185 859860
187.236 860200
187.286 860540
187.337 860880
187.387 861220
187.438 861560
187.488 861900
187.538 862240
187.589 862580
187.639 862920
187.69 863260
187.74 863600
187.791 863940
187.841 864280
187.891 864620
187.942 864960
187.992 865300
188.043 865640
188.093 865980
188.144 866320
188.194 866660
188.244 867000
188.295 867340
188.345 867680
188.396 868020
188.446 868360
188.497 868700
188.547 869040
188.598 869380
188.648 869720
188.698 870060
188.749 870400
188.799 870740
188.85 871080
188.9 871420
188.951 871760
189.001 872100
189.051 872440
189.102 872780
189.152 873120
189.203 873460
189.253 873800
189.304 874140
189.354 874480
189.404 874820
189.455 875160
189.505 875500
189.556 875840
189.606 876180
189.657 876520
189.707 876860
189.757 877200
189.808 877540
189.858 877880
189.909 878220
189.959 878560
190.01 878900
190.06 879240
190.11 879580
190.161 879920
190.211 880260
190.262 880600
190.312 880940
190.363 881280
190.413 881620
190.463 881960
190.514 882300
190.564 882640
190.615 882980
190.665 883320
190.716 883660
190.766 884000
190.817 884340
190.867 884680
190.917 885020
190.968 885360
191.018 885700
191.069 886040
191.119 886380
191.17 886720
191.22 887060
191.27 887400
191.321 887740
191.371 888080
191.422 888420
191.472 888760
191.523 889100
191.573 889440
191.623 889780
191.674 890120
191.724 890460
191.775 890800
191.825 891140
191.876 891480
191.926 891820
191.976 892160
192.027 892500
192.077 892840
192.128 893180
192.178 893520
192.229 893860
192.279 894200
192.329 894540
192.38 894880
192.43 895220
192.481 895560
192.531 895900
192.582 896240
192.632 896580
192.683 896920
192.733 897260
192.783 897600
192.834 897940
192.884 898280
192.935 898620
192.985 898960
193.036 899300
193.086 899640
193.136 899980
193.187 900320
193.237 900660
193.288 901000
193.338 901340
193.389 901680
193.439 902020
193.489 902360
193.54 902700
193.59 903040
193.641 903380
193.691 903720
193.742 904060
193.792 904400
193.842 904740
193.893 905080
193.943 905420
193.994 905760
194.044 906100
194.095 906440
194.145 906780
194.195 907120
194.246 907460
194.296 907800
194.347 908140
194.397 908480
194.448 908820
194.498 909160
194.548 909500
194.599 909840
194.649 910180
194.7 910520
194.75 910860
194.801 911200
194.851 911540
194.902 911880
194.952 912220
195.002 912560
195.053 912900
195.103 913240
195.154 913580
195.204 913920
195.255 914260
195.305 914600
195.355 914940
195.406 915280
195.456 915620
195.507 915960
195.557 916300
195.608 916640
195.658 916980
195.708 917320
195.759 917660
195.809 918000
195.86 918340
195.91 918680
195.961 919020
196.011 919360
196.061 919700
196.112 920040
196.162 920380
196.213 920720
196.263 921060
196.314 921400
196.364 921740
196.414 922080
196.465 922420
196.515 922760
196.566 923100
196.616 923440
196.667 923780
196.717 924120
196.767 924460
196.818 924800
196.868 925140
196.919 925480
196.969 925820
197.02 926160
197.07 926500
197.121 926840
197.171 927180
197.221 927520
197.272 927860
197.322 928200
197.373 928540
197.423 928880
197.474 929220
197.524 929560
197.574 929900
197.625 930240
197.675 930580
197.726 930920
197.776 931260
197.827 931600
197.877 931940
197.927 932280
197.978 932620
198.028 932960
198.079 933300
198.129 933640
198.18 933980
198.23 934320
198.28 934660
198.331 935000
198.381 935340
198.432 935680
198.482 936020
198.533 936360
198.583 936700
198.633 937040
198.684 937380
198.734 937720
198.785 938060
198.835 938400
198.886 938740
198.936 939080
198.987 939420
199.037 939760
199.087 940100
199.138 940440
199.188 940780
199.239 941120
199.289 941460
199.34 941800
199.39 942140
199.44 942480
199.491 942820
199.541 943160
199.592 943500
199.642 943840
199.693 944180
199.743 944520
199.793 944860
199.844 945200
199.894 945540
199.945 945880
199.995 946220
200.046 946560
200.096 946900
200.146 947240
200.197 947580
200.247 947920
200.298 948260
200.348 948600
200.399 948940
200.449 949280
200.499 949620
200.55 949960
200.6 950300
200.651 950640
200.701 950980
200.752 951320
200.802 951660
200.852 952000
200.903 952340
200.953 952680
201.004 953020
201.054 953360
201.105 953700
201.155 954040
201.206 954380
201.256 954720
201.306 955060
201.357 955400
201.407 955740
201.458 956080
201.508 956420
201.559 956760
201.609 957100
201.659 957440
201.71 957780
201.76 958120
201.811 958460
201.861 958800
201.912 959140
201.962 959480
202.012 959820
202.063 960160
202.113 960500
202.164 960840
202.214 961180
202.265 961520
202.315 961860
202.365 962200
202.416 962540
202.466 962880
202.517 963220
202.567 963560
202.618 963900
202.668 964240
202.718 964580
202.769 964920
202.819 965260
202.87 965600
202.92 965940
202.971 966280
203.021 966620
203.071 966960
203.122 967300
203.172 967640
203.223 967980
203.273 968320
203.324 968660
203.374 969000
203.425 969340
203.475 969680
203.525 970020
203.576 970360
203.626 970700
203.677 971040
203.727 971380
203.778 971720
203.828 972060
203.878 972400
203.929 972740
203.979 973080
204.03 973420
204.08 973760
204.131 974100
204.181 974440
204.231 974780
204.282 975120
204.332 975460
204.383 975800
204.433 976140
204.484 976480
204.534 976820
204.584 977160
204.635 977500
204.685 977840
204.736 978180
204.786 978520
204.837 978860
204.887 979200
204.937 979540
204.988 979880
205.038 980220
205.089 980560
205.139 980900
205.19 981240
205.24 981580
205.291 981920
205.341 982260
205.391 982600
205.442 982940
205.492 983280
205.543 983620
205.593 983960
205.644 984300
205.694 984640
205.744 984980
205.795 985320
205.845 985660
205.896 986000
205.946 986340
205.997 986680
206.047 987020
206.097 987360
206.148 987700
206.198 988040
206.249 988380
206.299 988720
206.35 989060
206.4 989400
206.45 989740
206.501 990080
206.551 990420
206.602 990760
206.652 991100
206.703 991440
206.753 991780
206.803 992120
206.854 992460
206.904 992800
206.955 993140
207.005 993480
207.056 993820
207.106 994160
207.156 994500
207.207 994840
207.257 995180
207.308 995520
207.358 995860
207.409 996200
207.459 996540
207.51 996880
207.56 997220
207.61 997560
207.661 997900
207.711 998240
207.762 998580
207.812 998920
207.863 999260
207.913 999600
207.963 999940
208.014 1000280
208.064 1000620
208.115 1000960
208.165 1001300
208.216 1001640
208.266 1001980
208.316 1002320
208.367 1002660
208.417 1003000
208.468 1003340
208.518 1003680
208.645 3230
209.149 3265
209.375 3300
209.426 3335
209.476 3369
209.527 3403
209.577 3436
209.628 3469
209.678 3502
209.729 3535
209.779 3567
209.829 3599
209.88 3631
209.93 3662
209.981 3693
210.031 3724
210.082 3755
210.132 3785
210.182 3815
210.233 3845
210.283 3875
210.334 3904
210.384 3933
210.435 3962
210.485 3991
210.535 4019
210.586 4047
210.636 4075
210.687 4103
210.737 4131
210.788 4158
210.838 4185
210.888 4212
210.939 4239
210.989 4266
211.04 4293
211.09 4319
211.141 4345
211.191 4371
211.241 4397
211.292 4423
211.342 4449
211.393 4474
211.443 4499
211.494 4524
211.544 4549
211.595 4574
211.645 4599
211.695 4624
211.746 4649
211.796 4673
211.847 4697
211.897 4721
211.948 4745
211.998 4769
212.048 4793
212.099 4817
212.149 4840
212.2 4863
212.25 4886
212.301 4909
212.351 4932
212.401 4955
212.452 4978
212.502 5001
212.553 5024
212.603 5047
212.654 5069
212.704 5091
212.754 5113
212.805 5135
212.855 5157
212.906 5179
212.956 5201
213.007 5223
213.057 5245
213.107 5267
213.158 5288
213.208 5309
213.259 5330
213.309 5351
213.36 5372
213.41 5393
213.46 5414
213.511 5435
213.561 5456
213.612 5477
213.662 5498
213.713 5519
213.763 5539
213.814 5559
213.864 5579
213.914 5599
213.965 5619
214.015 5639
214.066 5659
214.116 5679
214.167 5699
214.217 5719
214.267 5739
214.318 5759
214.368 5779
214.419 5799
214.469 5818
214.52 5837
214.57 5856
214.62 5875
214.671 5894
214.721 5913
214.772 5932
214.822 5951
214.873 5970
214.923 5989
214.973 6008
215.024 6027
215.074 6046
215.125 6065
215.175 6084
215.226 6103
215.276 6121
215.326 6139
215.377 6157
215.427 6175
215.478 6193
215.528 6211
215.655 2720
216.083 2762
216.133 2803
216.184 2844
216.31 2884
216.36 2924
216.411 2963
216.461 3002
216.512 3040
216.562 3078
216.612 3115
216.663 3152
216.713 3188
216.764 3224
216.814 3259
216.865 3294
216.915 3329
216.966 3363
217.016 3397
217.066 3431
217.117 3464
217.167 3497
217.218 3530
217.268 3562
217.319 3594
217.369 3626
217.419 3657
217.47 3688
217.52 3719
217.571 3750
217.621 3780
217.672 3810
217.722 3840
217.772 3870
217.823 3899
217.873 3928
217.924 3957
217.974 3986
218.025 4015
218.075 4043
218.125 4071
218.176 4099
218.226 4127
218.277 4155
218.327 4182
218.378 4209
218.428 4236
218.478 4263
218.529 4290
218.579 4316
218.63 4342
218.68 4368
218.731 4394
218.781 4420
218.831 4446
218.882 4472
218.932 4497
218.983 4522
219.033 4547
219.084 4572
219.134 4597
219.185 4622
219.235 4647
219.285 4671
219.336 4695
219.386 4719
219.437 4743
219.487 4767
219.538 4791
219.588 4815
219.638 4839
219.689 4862
219.739 4885
219.79 4908
219.84 4931
219.891 4954
219.941 4977
219.991 5000
220.042 5023
220.092 5046
220.143 5068
220.193 5090
220.244 5112
220.294 5134
220.344 5156
220.395 5178
220.445 5200
220.496 5222
220.546 5244
220.597 5266
220.647 5287
220.697 5308
220.748 5329
220.798 5350
220.849 5371
220.899 5392
220.95 5413
221 5434
221.051 5455
221.101 5476
221.151 5497
221.202 5518
221.252 5538
221.303 5558
221.353 5578
221.404 5598
221.454 5618
221.504 5638
221.555 5658
221.605 5678
221.656 5698
221.706 5718
221.757 5738
221.807 5758
221.857 5778
221.908 5798
221.958 5817
222.009 5836
222.059 5855
222.11 5874
222.16 5893
222.21 5912
222.261 5931
222.311 5950
222.362 5969
222.412 5988
222.463 6007
222.513 6026
222.563 6045
222.614 6064
222.664 6083
222.715 6102
222.765 6120
222.816 6138
222.866 6156
222.916 6174
222.967 6192
223.017 6210
223.068 6228
223.118 6246
223.169 6264
223.219 6282
223.27 6300
223.32 6318
223.37 6336
223.421 6354
223.471 6372
223.522 6390
223.572 6408
223.623 6426
223.673 6443
223.723 6460
223.774 6477
223.824 6494
223.875 6511
223.925 6528
223.976 6545
224.026 6562
224.076 6579
224.127 6596
224.177 6613
224.228 6630
224.278 6647
224.329 6664
224.379 6681
224.429 6698
224.48 6715
224.53 6732
224.581 6749
224.631 6766
224.682 6783
224.732 6800
224.782 6817
224.833 6833
224.883 6849
224.934 6865
224.984 6881
225.035 6897
225.085 6913
225.135 6929
225.186 6945
225.236 6961
225.287 6977
225.337 6993
225.388 7009
225.438 7025
225.489 7041
225.539 7057
225.589 7073
225.64 7089
225.69 7105
225.741 7121
225.791 7137
225.842 7153
225.892 7169
225.942 7185
225.993 7201
226.043 7217
226.094 7233
226.144 7248
226.195 7263
226.245 7278
226.295 7293
226.346 7308
226.396 7323
226.447 7338
226.497 7353
226.548 7368
226.598 7383
226.648 7398
226.699 7413
226.749 7428
226.8 7443
226.85 7458
226.901 7473
226.951 7488
227.001 7503
227.052 7518
227.102 7533
227.153 7548
227.203 7563
227.254 7578
227.304 7593
227.355 7608
227.405 7623
227.455 7638
227.506 7653
227.556 7668
227.607 7683
227.657 7698
227.708 7713
227.758 7727
227.808 7741
227.859 7755
227.909 7769
227.96 7783
228.01 7797
228.061 7811
228.111 7825
228.161 7839
228.212 7853
228.262 7867
228.313 7881
228.363 7895
228.414 7909
228.464 7923
228.514 7937
228.565 7951
228.615 7965
228.666 7979
228.716 7993
228.767 8007
228.817 8021
228.867 8035
228.918 8049
228.968 8063
229.019 8077
229.069 8091
229.12 8105
229.17 8119
229.22 8133
229.271 8147
229.321 8161
229.372 8175
229.422 8189
229.473 8203
229.523 8217
229.574 8231
229.624 8245
229.674 8259
229.725 8272
229.775 8285
229.826 8298
229.876 8311
229.927 8324
229.977 8337
230.027 8350
230.078 8363
230.128 8376
230.179 8389
230.229 8402
230.28 8415
230.33 8428
230.38 8441
230.431 8454
230.481 8467
230.532 8480
230.582 8493
230.633 8506
230.683 8519
230.733 8532
230.784 8545
230.834 8558
230.885 8571
230.935 8584
230.986 8597
231.036 8610
231.086 8623
231.137 8636
231.187 8649
231.238 8662
231.288 8675
231.339 8688
231.389 8701
231.439 8714
231.49 8727
231.54 8740
231.591 8753
231.641 8766
231.692 8779
231.742 8792
231.793 8805
231.843 8818
231.893 8831
231.944 8844
231.994 8857
232.045 8870
232.095 8883
232.146 8896
232.196 8908
232.246 8920
232.297 8932
232.347 8944
232.398 8956
232.448 8968
232.499 8980
232.549 8992
232.599 9004
232.65 9016
232.7 9028
232.751 9040
232.801 9052
232.852 9064
232.902 9076
232.952 9088
233.003 9100
233.053 9112
233.104 9124
233.154 9136
233.205 9148
233.255 9160
233.305 9172
233.356 9184
233.406 9196
233.457 9208
233.507 9220
233.558 9232
233.608 9244
233.659 9256
233.709 9268
233.759 9280
233.81 9292
233.86 9304
233.911 9316
233.961 9328
234.012 9340
234.062 9352
234.112 9364
234.163 9376
234.213 9388
234.264 9400
234.314 9412
234.365 9424
234.415 9436
234.465 9448
234.516 9460
234.566 9472
234.617 9484
234.667 9496
234.718 9508
234.768 9520
234.818 9532
234.869 9544
234.919 9556
234.97 9568
235.02 9580
235.071 9592
235.121 9604
235.171 9616
235.222 9628
235.272 9640
235.323 9651
235.373 9662
235.424 9673
235.474 9684
235.524 9695
235.575 9706
235.625 9717
235.676 9728
235.726 9739
235.777 9750
235.827 9761
235.878 9772
235.928 9783
235.978 9794
236.029 9805
236.079 9816
236.13 9827
236.18 9838
236.231 9849
236.281 9860
236.331 9871
236.382 9882
236.432 9893
236.483 9904
236.533 9915
236.584 9926
236.634 9937
236.684 9948
236.735 9959
236.785 9970
236.836 9981
236.886 9992
236.937 10003
236.987 10014
237.037 10025
237.088 10036
237.138 10047
237.189 10058
237.239 10069
237.29 10080
237.34 10091
237.39 10102
237.441 10113
237.491 10124
237.542 10135
237.592 10146
