120.198 3741
120.198 4081
120.248 4421
120.248 4761
120.248 5101
120.299 5441
120.299 5781
120.299 6121
120.349 6461
120.349 6801
120.349 7141
120.399 7481
120.399 7821
120.399 8161
120.45 8501
120.45 8841
120.45 9181
120.5 9521
120.5 9861
120.5 10201
120.551 10541
120.551 10881
120.551 11221
120.601 11561
120.601 11901
120.601 12241
120.652 12581
120.652 12921
120.652 13261
120.702 13601
120.702 13941
120.702 14281
120.752 14621
120.752 14961
120.752 15301
120.803 15641
120.803 15981
120.803 16321
120.853 16661
120.853 17001
120.853 17341
120.904 17681
120.904 18021
120.954 18361
120.954 18701
121.005 19041
121.005 19381
121.055 19721
121.055 20061
121.105 20401
121.105 20741
121.156 21081
121.156 21421
121.206 21761
121.206 22101
121.257 22441
121.257 22781
121.307 23121
121.307 23461
121.358 23801
121.358 24141
121.408 24481
121.408 24821
121.458 25161
121.458 25501
121.509 25841
121.509 26181
121.559 26521
121.559 26861
121.61 27201
121.61 27541
121.66 27881
121.66 28221
121.711 28561
121.711 28901
121.761 29241
121.761 29581
121.811 29921
121.811 30261
121.862 30601
121.862 30941
121.912 31281
121.912 31621
121.963 31961
121.963 32301
122.013 32641
122.013 32981
122.064 33321
122.064 33661
122.114 34001
122.114 34341
122.164 34681
122.164 35021
122.215 35361
122.215 35701
122.265 36041
122.265 36381
122.316 36721
122.316 37061
122.366 37401
122.366 37741
122.417 38081
122.417 38421
122.467 38761
122.467 39101
122.518 39441
122.518 39781
122.568 40121
122.568 40461
122.618 40801
122.618 41141
122.669 41481
122.669 41821
122.719 42161
122.719 42501
122.77 42841
122.77 43181
122.82 43521
122.82 43861
122.871 44201
122.871 44541
122.921 44881
122.921 45221
122.971 45561
122.971 45901
123.022 46241
123.022 46581
123.072 46921
123.072 47261
123.123 47601
123.123 47941
123.173 48281
123.173 48621
123.224 48961
123.224 49301
123.274 49641
123.274 49981
123.324 50321
123.324 50661
123.375 51001
123.375 51341
123.425 51681
123.425 52021
123.476 52361
123.476 52701
123.526 53041
123.526 53381
123.577 53721
123.577 54061
123.627 54401
123.627 54741
123.677 55081
123.677 55421
123.728 55761
123.728 56101
123.778 56441
123.778 56781
123.829 57121
123.829 57461
123.879 57801
123.879 58141
123.93 58481
123.93 58821
123.98 59161
123.98 59501
124.03 59841
124.03 60181
124.081 60521
124.081 60861
124.131 61201
124.131 61541
124.182 61881
124.182 62221
124.232 62561
124.232 62901
124.283 63241
124.283 63581
124.333 63921
124.333 64261
124.383 64601
124.383 64941
124.434 65281
124.434 65621
124.484 65961
124.484 66301
124.535 66641
124.535 66981
124.585 67321
124.585 67661
124.636 68001
124.636 68341
124.686 68681
124.686 69021
124.737 69361
124.737 69701
124.787 70041
124.787 70381
124.837 70721
124.837 71061
124.888 71401
124.888 71741
124.938 72081
124.938 72421
124.989 72761
124.989 73101
125.039 73441
125.039 73781
125.09 74121
125.09 74461
125.14 74801
125.14 75141
125.19 75481
125.19 75821
125.241 76161
125.241 76501
125.291 76841
125.291 77181
125.342 77521
125.342 77861
125.392 78201
125.392 78541
125.443 78881
125.443 79221
125.493 79561
125.493 79901
125.543 80241
125.543 80581
125.594 80921
125.594 81261
125.644 81601
125.644 81941
125.695 82281
125.695 82621
125.745 82961
125.745 83301
125.796 83641
125.796 83981
125.846 84321
125.846 84661
125.896 85001
125.896 85341
125.947 85681
125.947 86021
125.997 86361
125.997 86701
126.048 87041
126.048 87381
126.098 87721
126.098 88061
126.149 88401
126.149 88741
126.199 89081
126.199 89421
126.249 89761
126.249 90101
126.3 90441
126.3 90781
126.35 91121
126.35 91461
126.401 91801
126.401 92141
126.451 92481
126.451 92821
126.502 93161
126.502 93501
126.552 93841
126.552 94181
126.603 94521
126.603 94861
126.653 95201
126.653 95541
126.703 95881
126.703 96221
126.754 96561
126.754 96901
126.804 97241
126.804 97581
126.855 97921
126.855 98261
126.905 98601
126.905 98941
126.956 99281
126.956 99621
127.006 99961
127.006 100301
127.056 100641
127.056 100981
127.107 101321
127.107 101661
127.157 102001
127.157 102341
127.208 102681
127.208 103021
127.258 103361
127.258 103701
127.309 104041
127.309 104381
127.359 104721
127.359 105061
127.409 105401
127.409 105741
127.46 106081
127.46 106421
127.51 106761
127.51 107101
127.561 107441
127.561 107781
127.611 108121
127.611 108461
127.662 108801
127.662 109141
127.712 109481
127.712 109821
127.762 110161
127.762 110501
127.813 110841
127.813 111181
127.863 111521
127.863 111861
127.914 112201
127.914 112541
127.964 112881
127.964 113221
128.015 113561
128.015 113901
128.065 114241
128.065 114581
128.115 114921
128.115 115261
128.166 115601
128.166 115941
128.216 116281
128.216 116621
128.267 116961
128.267 117301
128.317 117641
128.317 117981
128.368 118321
128.368 118661
128.418 119001
128.418 119341
128.468 119681
128.468 120021
128.519 120361
128.519 120701
128.569 121041
128.569 121381
128.62 121721
128.62 122061
128.67 122401
128.67 122741
128.721 123081
128.721 123421
128.771 123761
128.771 124101
128.822 124441
128.822 124781
128.872 125121
128.872 125461
128.922 125801
128.922 126141
128.973 126481
128.973 126821
129.023 127161
129.023 127501
129.074 127841
129.074 128181
129.124 128521
129.124 128861
129.175 129201
129.175 129541
129.225 129881
129.225 130221
129.275 130561
129.275 130901
129.326 131241
129.326 131581
129.376 131921
129.376 132261
129.427 132601
129.427 132941
129.477 133281
129.477 133621
129.528 133961
129.528 134301
129.578 134641
129.578 134981
129.628 135321
129.628 135661
129.679 136001
129.679 136341
129.729 136681
129.729 137021
129.78 137361
129.78 137701
129.83 138041
129.83 138381
129.881 138721
129.881 139061
129.931 139401
129.931 139741
129.981 140081
129.981 140421
130.032 140761
130.032 141101
130.082 141441
130.082 141781
130.133 142121
130.133 142461
130.183 142801
130.183 143141
130.234 143481
130.234 143821
130.284 144161
130.284 144501
130.334 144841
130.334 145181
130.385 145521
130.385 145861
130.435 146201
130.435 146541
130.486 146881
130.486 147221
130.536 147561
130.536 147901
130.587 148241
130.587 148581
130.637 148921
130.637 149261
130.687 149601
130.687 149941
130.738 150281
130.738 150621
130.788 150961
130.788 151301
130.839 151641
130.839 151981
130.889 152321
130.889 152661
130.94 153001
130.94 153341
130.99 153681
130.99 154021
131.041 154361
131.041 154701
131.091 155041
131.091 155381
131.141 155721
131.141 156061
131.192 156401
131.192 156741
131.242 157081
131.242 157421
131.293 157761
131.293 158101
131.343 158441
131.343 158781
131.394 159121
131.394 159461
131.444 159801
131.444 160141
131.494 160481
131.494 160821
131.545 161161
131.545 161501
131.595 161841
131.595 162181
131.646 162521
131.646 162861
131.696 163201
131.696 163541
131.747 163881
131.747 164221
131.797 164561
131.797 164901
131.847 165241
131.847 165581
131.898 165921
131.898 166261
131.948 166601
131.948 166941
131.999 167281
131.999 167621
132.049 167961
132.049 168301
132.1 168641
132.1 168981
132.15 169321
132.15 169661
132.2 170001
132.2 170341
132.251 170681
132.251 171021
132.301 171361
132.301 171701
132.352 172041
132.352 172381
132.402 172721
132.402 173061
132.453 173401
132.453 173741
132.503 174081
132.503 174421
132.553 174761
132.553 175101
132.604 175441
132.604 175781
132.654 176121
132.654 176461
132.705 176801
132.705 177141
132.755 177481
132.755 177821
132.806 178161
132.806 178501
132.856 178841
132.856 179181
132.907 179521
132.907 179861
132.957 180201
132.957 180541
133.007 180881
133.007 181221
133.058 181561
133.058 181901
133.108 182241
133.108 182581
133.159 182921
133.159 183261
133.209 183601
133.209 183941
133.26 184281
133.26 184621
133.31 184961
133.31 185301
133.36 185641
133.36 185981
133.411 186321
133.411 186661
133.461 187001
133.461 187341
133.512 187681
133.512 188021
133.562 188361
133.562 188701
133.613 189041
133.613 189381
133.663 189721
133.663 190061
133.713 190401
133.713 190741
133.764 191081
133.764 191421
133.814 191761
133.814 192101
133.865 192441
133.865 192781
133.915 193121
133.915 193461
133.966 193801
133.966 194141
134.016 194481
134.016 194821
134.066 195161
134.066 195501
134.117 195841
134.117 196181
134.167 196521
134.167 196861
134.218 197201
134.218 197541
134.268 197881
134.268 198221
134.319 198561
134.319 198901
134.369 199241
134.369 199581
134.419 199921
134.419 200261
134.47 200601
134.47 200941
134.52 201281
134.52 201621
134.571 201961
134.571 202301
134.621 202641
134.621 202981
134.672 203321
134.672 203661
134.722 204001
134.722 204341
134.772 204681
134.772 205021
134.823 205361
134.823 205701
134.873 206041
134.873 206381
134.924 206721
134.924 207061
134.974 207401
134.974 207741
135.025 208081
135.025 208421
135.075 208761
135.075 209101
135.126 209441
135.126 209781
135.176 210121
135.176 210461
135.226 210801
135.226 211141
135.277 211481
135.277 211821
135.327 212161
135.327 212501
135.378 212841
135.378 213181
135.428 213521
135.428 213861
135.479 214201
135.479 214541
135.529 214881
135.529 215221
135.579 215561
135.579 215901
135.63 216241
135.63 216581
135.68 216921
135.68 217261
135.731 217601
135.731 217941
135.781 218281
135.781 218621
135.832 218961
135.832 219301
135.882 219641
135.882 219981
135.932 220321
135.932 220661
135.983 221001
135.983 221341
136.033 221681
136.033 222021
136.084 222361
136.084 222701
136.134 223041
136.134 223381
136.185 223721
136.185 224061
136.235 224401
136.235 224741
136.285 225081
136.285 225421
136.336 225761
136.336 226101
136.386 226441
136.386 226781
136.437 227121
136.437 227461
136.487 227801
136.487 228141
136.538 228481
136.538 228821
136.588 229161
136.588 229501
136.638 229841
136.638 230181
136.689 230521
136.689 230861
136.739 231201
136.739 231541
136.79 231881
136.79 232221
136.84 232561
136.84 232901
136.891 233241
136.891 233581
136.941 233921
136.941 234261
136.991 234601
136.991 234941
137.042 235281
137.042 235621
137.092 235961
137.092 236301
137.143 236641
137.143 236981
137.193 237321
137.193 237661
137.244 238001
137.244 238341
137.294 238681
137.294 239021
137.345 239361
137.345 239701
137.395 240041
137.395 240381
137.445 240721
137.445 241061
137.496 241401
137.496 241741
137.546 242081
137.546 242421
137.597 242761
137.597 243101
137.647 243441
137.647 243781
137.698 244121
137.698 244461
137.748 244801
137.748 245141
137.798 245481
137.798 245821
137.849 246161
137.849 246501
137.899 246841
137.899 247181
137.95 247521
137.95 247861
138 248201
138 248541
138.051 248881
138.051 249221
138.101 249561
138.101 249901
138.151 250241
138.151 250581
138.202 250921
138.202 251261
138.252 251601
138.252 251941
138.303 252281
138.303 252621
138.353 252961
138.353 253301
138.404 253641
138.404 253981
138.454 254321
138.454 254661
138.504 255001
138.504 255341
138.555 255681
138.555 256021
138.605 256361
138.605 256701
138.656 257041
138.656 257381
138.706 257721
138.706 258061
138.757 258401
138.757 258741
138.807 259081
138.807 259421
138.857 259761
138.857 260101
138.908 260441
138.908 260781
138.958 261121
138.958 261461
139.009 261801
139.009 262141
139.059 262481
139.059 262821
139.11 263161
139.11 263501
139.16 263841
139.16 264181
139.211 264521
139.211 264861
139.261 265201
139.261 265541
139.311 265881
139.311 266221
139.362 266561
139.362 266901
139.412 267241
139.412 267581
139.463 267921
139.463 268261
139.513 268601
139.513 268941
139.564 269281
139.564 269621
139.614 269961
139.614 270301
139.664 270641
139.664 270981
139.715 271321
139.715 271661
139.765 272001
139.765 272341
139.816 272681
139.816 273021
139.866 273361
139.866 273701
139.917 274041
139.917 274381
139.967 274721
139.967 275061
140.017 275401
140.017 275741
140.068 276081
140.068 276421
140.118 276761
140.118 277101
140.169 277441
140.169 277781
140.219 278121
140.219 278461
140.27 278801
140.27 279141
140.32 279481
140.32 279821
140.37 280161
140.37 280501
140.421 280841
140.421 281181
140.471 281521
140.471 281861
140.522 282201
140.522 282541
140.572 282881
140.572 283221
140.623 283561
140.623 283901
140.673 284241
140.673 284581
140.723 284921
140.723 285261
140.774 285601
140.774 285941
140.824 286281
140.824 286621
140.875 286961
140.875 287301
140.925 287641
140.925 287981
140.976 288321
140.976 288661
141.026 289001
141.026 289341
141.076 289681
141.076 290021
141.127 290361
141.127 290701
141.177 291041
141.177 291381
141.228 291721
141.228 292061
141.278 292401
141.278 292741
141.329 293081
141.329 293421
141.379 293761
141.379 294101
141.43 294441
141.43 294781
141.48 295121
141.48 295461
141.53 295801
141.53 296141
141.581 296481
141.581 296821
141.631 297161
141.631 297501
141.682 297841
141.682 298181
141.732 298521
141.732 298861
141.783 299201
141.783 299541
141.833 299881
141.833 300221
141.883 300561
141.883 300901
141.934 301241
141.934 301581
141.984 301921
141.984 302261
142.035 302601
142.035 302941
142.085 303281
142.085 303621
142.136 303961
142.136 304301
142.186 304641
142.186 304981
142.236 305321
142.236 305661
142.287 306001
142.287 306341
142.337 306681
142.337 307021
142.388 307361
142.388 307701
142.438 308041
142.438 308381
142.489 308721
142.489 309061
142.539 309401
142.539 309741
142.589 310081
142.589 310421
142.64 310761
142.64 311101
142.69 311441
142.69 311781
142.741 312121
142.741 312461
142.791 312801
142.791 313141
142.842 313481
142.842 313821
142.892 314161
142.892 314501
142.942 314841
142.942 315181
142.993 315521
142.993 315861
143.043 316201
143.043 316541
143.094 316881
143.094 317221
143.144 317561
143.144 317901
143.195 318241
143.195 318581
143.245 318921
143.245 319261
143.295 319601
143.295 319941
143.346 320281
143.346 320621
143.396 320961
143.396 321301
143.447 321641
143.447 321981
143.497 322321
143.497 322661
143.548 323001
143.548 323341
143.598 323681
143.598 324021
143.649 324361
143.649 324701
143.699 325041
143.699 325381
143.749 325721
143.749 326061
143.8 326401
143.8 326741
143.85 327081
143.85 327421
143.901 327761
143.901 328101
143.951 328441
143.951 328781
144.002 329121
144.002 329461
144.052 329801
144.052 330141
144.102 330481
144.102 330821
144.153 331161
144.153 331501
144.203 331841
144.203 332181
144.254 332521
144.254 332861
144.304 333201
144.304 333541
144.355 333881
144.355 334221
144.405 334561
144.405 334901
144.455 335241
144.455 335581
144.506 335921
144.506 336261
144.556 336601
144.556 336941
144.607 337281
144.607 337621
144.657 337961
144.657 338301
144.708 338641
144.708 338981
144.758 339321
144.758 339661
144.808 340001
144.808 340341
144.859 340681
144.859 341021
144.909 341361
144.909 341701
144.96 342041
144.96 342381
145.01 342721
145.01 343061
145.061 343401
145.061 343741
145.111 344081
145.111 344421
145.161 344761
145.161 345101
145.212 345441
145.212 345781
145.262 346121
145.262 346461
145.313 346801
145.313 347141
145.363 347481
145.363 347821
145.414 348161
145.414 348501
145.464 348841
145.464 349181
145.515 349521
145.515 349861
145.565 350201
145.565 350541
145.615 350881
145.615 351221
145.666 351561
145.666 351901
145.716 352241
145.716 352581
145.767 352921
145.767 353261
145.817 353601
145.817 353941
145.868 354281
145.868 354621
145.918 354961
145.918 355301
145.968 355641
145.968 355981
146.019 356321
146.019 356661
146.069 357001
146.069 357341
146.12 357681
146.12 358021
146.17 358361
146.17 358701
146.221 359041
146.221 359381
146.271 359721
146.271 360061
146.321 360401
146.321 360741
146.372 361081
146.372 361421
146.422 361761
146.422 362101
146.473 362441
146.473 362781
146.523 363121
146.523 363461
146.574 363801
146.574 364141
146.624 364481
146.624 364821
146.674 365161
146.674 365501
146.725 365841
146.725 366181
146.775 366521
146.775 366861
146.826 367201
146.826 367541
146.876 367881
146.876 368221
146.927 368561
146.927 368901
146.977 369241
146.977 369581
147.027 369921
147.027 370261
147.078 370601
147.078 370941
147.128 371281
147.128 371621
147.179 371961
147.179 372301
147.229 372641
147.229 372981
147.28 373321
147.28 373661
147.33 374001
147.33 374341
147.38 374681
147.38 375021
147.431 375361
147.431 375701
147.481 376041
147.481 376381
147.532 376721
147.532 377061
147.582 377401
147.582 377741
147.633 378081
147.633 378421
147.683 378761
147.683 379101
147.734 379441
147.734 379781
147.784 380121
147.784 380461
147.834 380801
147.834 381141
147.885 381481
147.885 381821
147.935 382161
147.935 382501
147.986 382841
147.986 383181
148.036 383521
148.036 383861
148.087 384201
148.087 384541
148.137 384881
148.137 385221
148.187 385561
148.187 385901
148.238 386241
148.238 386581
148.288 386921
148.288 387261
148.339 387601
148.339 387941
148.389 388281
148.389 388621
148.44 388961
148.44 389301
148.49 389641
148.49 389981
148.54 390321
148.54 390661
148.591 391001
148.591 391341
148.641 391681
148.641 392021
148.692 392361
148.692 392701
148.742 393041
148.742 393381
148.793 393721
148.793 394061
148.843 394401
148.843 394741
148.893 395081
148.893 395421
148.944 395761
148.944 396101
148.994 396441
148.994 396781
149.045 397121
149.045 397461
149.095 397801
149.095 398141
149.146 398481
149.146 398821
149.196 399161
149.196 399501
149.246 399841
149.246 400181
149.297 400521
149.297 400861
149.347 401201
149.347 401541
149.398 401881
149.398 402221
149.448 402561
149.448 402901
149.499 403241
149.499 403581
149.549 403921
149.549 404261
149.599 404601
149.599 404941
149.65 405281
149.65 405621
149.7 405961
149.7 406301
149.751 406641
149.751 406981
149.801 407321
149.801 407661
149.852 408001
149.852 408341
149.902 408681
149.902 409021
149.953 409361
149.953 409701
150.003 410041
150.003 410381
150.053 410721
150.053 411061
150.104 411401
150.104 411741
150.154 412081
150.154 412421
150.205 412761
150.205 413101
150.255 413441
150.255 413781
150.306 414121
150.306 414461
150.356 414801
150.356 415141
150.406 415481
150.406 415821
150.457 416161
150.457 416501
150.507 416841
150.507 417181
150.558 417521
150.558 417861
150.608 418201
150.608 418541
150.659 418881
150.659 419221
150.709 419561
150.709 419901
150.759 420241
150.759 420581
150.81 420921
150.81 421261
150.86 421601
150.86 421941
150.911 422281
150.911 422621
150.961 422961
150.961 423301
151.012 423641
151.012 423981
151.062 424321
151.062 424661
151.112 425001
151.112 425341
151.163 425681
151.163 426021
151.213 426361
151.213 426701
151.264 427041
151.264 427381
151.314 427721
151.314 428061
151.365 428401
151.365 428741
151.415 429081
151.415 429421
151.465 429761
151.465 430101
151.516 430441
151.516 430781
151.566 431121
151.566 431461
151.617 431801
151.617 432141
151.667 432481
151.667 432821
151.718 433161
151.718 433501
151.768 433841
151.768 434181
151.819 434521
151.819 434861
151.869 435201
151.869 435541
151.919 435881
151.919 436221
151.97 436561
151.97 436901
152.02 437241
152.02 437581
152.071 437921
152.071 438261
152.121 438601
152.121 438941
152.172 439281
152.172 439621
152.222 439961
152.222 440301
152.272 440641
152.272 440981
152.323 441321
152.323 441661
152.373 442001
152.373 442341
152.424 442681
152.424 443021
152.474 443361
152.474 443701
152.525 444041
152.525 444381
152.575 444721
152.575 445061
152.625 445401
152.625 445741
152.676 446081
152.676 446421
152.726 446761
152.726 447101
152.777 447441
152.777 447781
152.827 448121
152.827 448461
152.878 448801
152.878 449141
152.928 449481
152.928 449821
152.978 450161
152.978 450501
153.029 450841
153.029 451181
153.079 451521
153.079 451861
153.13 452201
153.13 452541
153.18 452881
153.18 453221
153.231 453561
153.231 453901
153.281 454241
153.281 454581
153.331 454921
153.331 455261
153.382 455601
153.382 455941
153.432 456281
153.432 456621
153.483 456961
153.483 457301
153.533 457641
153.533 457981
153.584 458321
153.584 458661
153.634 459001
153.634 459341
153.684 459681
153.684 460021
153.735 460361
153.735 460701
153.785 461041
153.785 461381
153.836 461721
153.836 462061
153.886 462401
153.886 462741
153.937 463081
153.937 463421
153.987 463761
153.987 464101
154.038 464441
154.038 464781
154.088 465121
154.088 465461
154.138 465801
154.138 466141
154.189 466481
154.189 466821
154.239 467161
154.239 467501
154.29 467841
154.29 468181
154.34 468521
154.34 468861
154.391 469201
154.391 469541
154.441 469881
154.441 470221
154.491 470561
154.491 470901
154.542 471241
154.542 471581
154.592 471921
154.592 472261
154.643 472601
154.643 472941
154.693 473281
154.693 473621
154.744 473961
154.744 474301
154.794 474641
154.794 474981
154.844 475321
154.844 475661
154.895 476001
154.895 476341
154.945 476681
154.945 477021
154.996 477361
154.996 477701
155.046 478041
155.046 478381
155.097 478721
155.097 479061
155.147 479401
155.147 479741
155.197 480081
155.197 480421
155.248 480761
155.248 481101
155.298 481441
155.298 481781
155.349 482121
155.349 482461
155.399 482801
155.399 483141
155.45 483481
155.45 483821
155.5 484161
155.5 484501
155.55 484841
155.55 485181
155.601 485521
155.601 485861
155.651 486201
155.651 486541
155.702 486881
155.702 487221
155.752 487561
155.752 487901
155.803 488241
155.803 488581
155.853 488921
155.853 489261
155.903 489601
155.903 489941
155.954 490281
155.954 490621
156.004 490961
156.004 491301
156.055 491641
156.055 491981
156.105 492321
156.105 492661
156.156 493001
156.156 493341
156.206 493681
156.206 494021
156.257 494361
156.257 494701
156.307 495041
156.307 495381
156.357 495721
156.357 496061
156.408 496401
156.408 496741
156.458 497081
156.458 497421
156.509 497761
156.509 498101
156.559 498441
156.559 498781
156.61 499121
156.61 499461
156.66 499801
156.66 500141
156.71 500481
156.71 500821
156.761 501161
156.761 501501
156.811 501841
156.811 502181
156.862 502521
156.862 502861
156.912 503201
156.912 503541
156.963 503881
156.963 504221
157.013 504561
157.013 504901
157.063 505241
157.063 505581
157.114 505921
157.114 506261
157.164 506601
157.164 506941
157.215 507281
157.215 507621
157.265 507961
157.265 508301
157.316 508641
157.316 508981
157.366 509321
157.366 509661
157.416 510001
157.416 510341
157.467 510681
157.467 511021
157.517 511361
157.517 511701
157.568 512041
157.568 512381
157.618 512721
157.618 513061
157.669 513401
157.669 513741
157.719 514081
157.719 514421
157.769 514761
157.769 515101
157.82 515441
157.82 515781
157.87 516121
157.87 516461
157.921 516801
157.921 517141
157.971 517481
157.971 517821
158.022 518161
158.022 518501
158.072 518841
158.072 519181
158.123 519521
158.123 519861
158.173 520201
158.173 520541
158.223 520881
158.223 521221
158.274 521561
158.274 521901
158.324 522241
158.324 522581
158.375 522921
158.375 523261
158.425 523601
158.425 523941
158.476 524281
158.476 524621
158.526 524961
158.526 525301
158.576 525641
158.576 525981
158.627 526321
158.627 526661
158.677 527001
158.677 527341
158.728 527681
158.728 528021
158.778 528361
158.778 528701
158.829 529041
158.829 529381
158.879 529721
158.879 530061
158.929 530401
158.929 530741
158.98 531081
158.98 531421
159.03 531761
159.03 532101
159.081 532441
159.081 532781
159.131 533121
159.131 533461
159.182 533801
159.182 534141
159.232 534481
159.232 534821
159.282 535161
159.282 535501
159.333 535841
159.333 536181
159.383 536521
159.383 536861
159.434 537201
159.434 537541
159.535 529381
159.838 534821
159.838 535161
159.863 535501
159.888 535841
159.914 536181
159.939 536521
159.964 536861
159.989 537201
160.014 537541
160.064 537881
160.064 538221
160.064 538561
160.064 538901
160.064 539241
160.064 539581
160.064 539921
160.064 540261
160.064 540601
160.064 540941
160.316 541281
160.316 541621
160.367 541961
160.367 542301
160.417 542641
160.417 542981
160.468 543321
160.468 543661
160.518 544001
160.518 544341
160.568 544681
160.568 545021
160.619 545361
160.619 545701
160.669 546041
160.669 546381
160.72 546721
160.72 547061
160.77 547401
160.77 547741
160.77 548081
160.821 548421
160.821 548761
160.871 549101
160.871 549441
160.921 549781
160.921 550121
160.972 550461
160.972 550801
161.022 551141
161.022 551481
161.073 551821
161.073 552161
161.123 552501
161.123 552841
161.174 553181
161.174 553521
161.224 553861
161.224 554201
161.275 554541
161.275 554881
161.325 555221
161.325 555561
161.375 555901
161.375 556241
161.375 556581
161.426 556921
161.426 557261
161.476 557601
161.476 557941
161.527 558281
161.527 558621
161.577 558961
161.577 559301
161.628 559641
161.628 559981
161.678 560321
161.678 560661
161.728 561001
161.728 561341
161.779 561681
161.779 562021
161.829 562361
161.829 562701
161.88 563041
161.88 563381
161.93 563721
161.93 564061
161.981 564401
161.981 564741
161.981 565081
162.031 565421
162.031 565761
162.081 566101
162.081 566441
162.132 566781
162.132 567121
162.182 567461
162.182 567801
162.233 568141
162.233 568481
162.283 568821
162.283 569161
162.334 569501
162.334 569841
162.384 570181
162.384 570521
162.434 570861
162.434 571201
162.485 571541
162.485 571881
162.535 572221
162.535 572561
162.586 572901
162.586 573241
162.636 573581
162.636 573921
162.687 574261
162.687 574601
162.687 574941
162.737 575281
162.737 575621
162.787 575961
162.787 576301
162.838 576641
162.838 576981
162.888 577321
162.888 577661
162.939 578001
162.939 578341
162.989 578681
162.989 579021
163.04 579361
163.04 579701
163.09 580041
163.09 580381
163.14 580721
163.14 581061
163.191 581401
163.191 581741
163.241 582081
163.241 582421
163.292 582761
163.292 583101
163.342 583441
163.342 583781
163.393 584121
163.393 584461
163.443 584801
163.443 585141
163.443 585481
163.494 585821
163.494 586161
163.544 586501
163.544 586841
163.594 587181
163.594 587521
163.645 587861
163.645 588201
163.695 588541
163.695 588881
163.746 589221
163.746 589561
163.796 589901
163.796 590241
163.847 590581
163.847 590921
163.897 591261
163.897 591601
163.947 591941
163.947 592281
163.998 592621
163.998 592961
164.048 593301
164.048 593641
164.099 593981
164.099 594321
164.149 594661
164.149 595001
164.2 595341
164.2 595681
164.25 596021
164.25 596361
164.25 596701
164.3 597041
164.3 597381
164.351 597721
164.351 598061
164.401 598401
164.401 598741
164.452 599081
164.452 599421
164.502 599761
164.502 600101
164.553 600441
164.553 600781
164.603 601121
164.603 601461
164.653 601801
164.653 602141
164.704 602481
164.704 602821
164.754 603161
164.754 603501
164.805 603841
164.805 604181
164.855 604521
164.855 604861
164.906 605201
164.906 605541
164.956 605881
164.956 606221
165.006 606561
165.006 606901
165.057 607241
165.057 607581
165.107 607921
165.107 608261
165.107 608601
165.158 608941
165.158 609281
165.208 609621
165.208 609961
165.259 610301
165.259 610641
165.309 610981
165.309 611321
165.359 611661
165.359 612001
165.41 612341
165.41 612681
165.46 613021
165.46 613361
165.511 613701
165.511 614041
165.561 614381
165.561 614721
165.612 615061
165.612 615401
165.662 615741
165.662 616081
165.713 616421
165.713 616761
165.763 617101
165.763 617441
165.813 617781
165.813 618121
165.864 618461
165.864 618801
165.914 619141
165.914 619481
165.965 619821
165.965 620161
165.965 620501
166.015 620841
166.015 621181
166.066 621521
166.066 621861
166.116 622201
166.116 622541
166.166 622881
166.166 623221
166.217 623561
166.217 623901
166.267 624241
166.267 624581
166.318 624921
166.318 625261
166.368 625601
166.368 625941
166.419 626281
166.419 626621
166.469 626961
166.469 627301
166.519 627641
166.519 627981
166.57 628321
166.57 628661
166.62 629001
166.62 629341
166.671 629681
166.671 630021
166.721 630361
166.721 630701
166.772 631041
166.772 631381
166.822 631721
166.822 632061
166.872 632401
166.872 632741
166.923 633081
166.923 633421
166.923 633761
166.973 634101
166.973 634441
167.024 634781
167.024 635121
167.074 635461
167.074 635801
167.125 636141
167.125 636481
167.175 636821
167.175 637161
167.225 637501
167.225 637841
167.276 638181
167.276 638521
167.326 638861
167.326 639201
167.377 639541
167.377 639881
167.427 640221
167.427 640561
167.478 640901
167.478 641241
167.528 641581
167.528 641921
167.579 642261
167.579 642601
167.629 642941
167.629 643281
167.679 643621
167.679 643961
167.73 644301
167.73 644641
167.78 644981
167.78 645321
167.831 645661
167.831 646001
167.881 646341
167.881 646681
167.932 647021
167.932 647361
167.932 647701
167.982 648041
167.982 648381
168.032 648721
168.032 649061
168.083 649401
168.083 649741
168.133 650081
168.133 650421
168.184 650761
168.184 651101
168.234 651441
168.234 651781
168.285 652121
168.285 652461
168.335 652801
168.335 653141
168.385 653481
168.385 653821
168.436 654161
168.436 654501
168.486 654841
168.486 655181
168.537 655521
168.537 655861
168.587 656201
168.587 656541
168.638 656881
168.638 657221
168.688 657561
168.688 657901
168.738 658241
168.738 658581
168.789 658921
168.789 659261
168.865 659601
168.865 659941
168.891 660281
168.916 652801
169.193 660281
169.193 660621
169.218 658241
169.218 658581
169.244 658921
169.269 659261
169.294 659601
169.319 659941
169.344 660281
169.37 660621
169.394 660961
169.394 661301
169.394 661641
169.394 661981
169.394 662321
169.394 662661
169.394 663001
169.444 663341
169.444 663681
169.646 664021
169.646 664361
169.697 664701
169.697 665041
169.747 665381
169.747 665721
169.798 666061
169.798 666401
169.848 666741
169.848 667081
169.898 667421
169.898 667761
169.949 668101
169.949 668441
169.999 668781
169.999 669121
169.999 669461
170.05 669801
170.05 670141
170.1 670481
170.1 670821
170.151 671161
170.151 671501
170.201 671841
170.201 672181
170.251 672521
170.251 672861
170.302 673201
170.302 673541
170.352 673881
170.352 674221
170.403 674561
170.403 674901
170.453 675241
170.453 675581
170.504 675921
170.504 676261
170.554 676601
170.554 676941
170.554 677281
170.604 677621
170.604 677961
170.655 678301
170.655 678641
170.705 678981
170.705 679321
170.756 679661
170.756 680001
170.806 680341
170.806 680681
170.857 681021
170.857 681361
170.907 681701
170.907 682041
170.957 682381
170.957 682721
171.008 683061
171.008 683401
171.058 683741
171.058 684081
171.109 684421
171.109 684761
171.109 685101
171.159 685441
171.159 685781
171.21 686121
171.21 686461
171.26 686801
171.26 687141
171.31 687481
171.31 687821
171.361 688161
171.361 688501
171.411 688841
171.411 689181
171.462 689521
171.462 689861
171.512 690201
171.512 690541
171.563 690881
171.563 691221
171.613 691561
171.613 691901
171.663 692241
171.663 692581
171.714 692921
171.714 693261
171.764 693601
171.764 693941
171.764 694281
171.815 694621
171.815 694961
171.865 695301
171.865 695641
171.916 695981
171.916 696321
171.966 696661
171.966 697001
172.017 697341
172.017 697681
172.067 698021
172.067 698361
172.117 698701
172.117 699041
172.168 699381
172.168 699721
172.218 700061
172.218 700401
172.269 700741
172.269 701081
172.319 701421
172.319 701761
172.37 702101
172.37 702441
172.42 702781
172.42 703121
172.47 703461
172.47 703801
172.47 704141
172.521 704481
172.521 704821
172.571 705161
172.571 705501
172.622 705841
172.622 706181
172.672 706521
172.672 706861
172.723 707201
172.723 707541
172.773 707881
172.773 708221
172.823 708561
172.823 708901
172.874 709241
172.874 709581
172.924 709921
172.924 710261
172.975 710601
172.975 710941
173.025 711281
173.025 711621
173.076 711961
173.076 712301
173.126 712641
173.126 712981
173.176 713321
173.176 713661
173.227 714001
173.227 714341
173.227 714681
173.277 715021
173.277 715361
173.328 715701
173.328 716041
173.378 716381
173.378 716721
173.429 717061
173.429 717401
173.479 717741
173.479 718081
173.529 718421
173.529 718761
173.58 719101
173.58 719441
173.63 719781
173.63 720121
173.681 720461
173.681 720801
173.731 721141
173.731 721481
173.782 721821
173.782 722161
173.832 722501
173.832 722841
173.883 723181
173.883 723521
173.933 723861
173.933 724201
173.983 724541
173.983 724881
173.983 725221
174.034 725561
174.034 725901
174.084 726241
174.084 726581
174.135 726921
174.135 727261
174.185 727601
174.185 727941
174.236 728281
174.236 728621
174.286 728961
174.286 729301
174.336 729641
174.336 729981
174.387 730321
174.387 730661
174.437 731001
174.437 731341
174.488 731681
174.488 732021
174.538 732361
174.538 732701
174.589 733041
174.589 733381
174.639 733721
174.639 734061
174.689 734401
174.689 734741
174.74 735081
174.74 735421
174.79 735761
174.79 736101
174.841 736441
174.841 736781
174.841 737121
174.891 737461
174.891 737801
174.942 738141
174.942 738481
174.992 738821
174.992 739161
175.042 739501
175.042 739841
175.093 740181
175.093 740521
175.143 740861
175.143 741201
175.244 741541
175.244 741881
175.244 742221
175.244 742561
175.295 742901
175.295 743241
175.345 743581
175.345 743921
175.395 744261
175.395 744601
175.446 744941
175.446 745281
175.496 745621
175.496 745961
175.547 746301
175.547 746641
175.597 746981
175.597 747321
175.648 747661
175.648 748001
175.698 748341
175.698 748681
175.748 749021
175.748 749361
175.799 749701
175.799 750041
175.799 750381
175.849 750721
175.849 751061
175.9 751401
175.9 751741
175.95 752081
175.95 752421
176.001 752761
176.001 753101
176.051 753441
176.051 753781
176.102 754121
176.102 754461
176.152 754801
176.152 755141
176.202 755481
176.202 755821
176.253 756161
176.253 756501
176.303 756841
176.303 757181
176.354 757521
176.354 757861
176.404 758201
176.404 758541
176.455 758881
176.455 759221
176.505 759561
176.505 759901
176.555 760241
176.555 760581
176.606 760921
176.606 761261
176.656 761601
176.656 761941
176.707 762281
176.707 762621
176.757 762961
176.757 763301
176.757 763641
176.808 763981
176.808 764321
176.858 764661
176.858 765001
176.908 765341
176.908 765681
176.959 766021
176.959 766361
177.009 766701
177.009 767041
177.06 767381
177.06 767721
177.11 768061
177.11 768401
177.161 768741
177.161 769081
177.211 769421
177.211 769761
177.261 770101
177.261 770441
177.312 770781
177.312 771121
177.362 771461
177.362 771801
177.413 772141
177.413 772481
177.463 772821
177.463 773161
177.514 773501
177.514 773841
177.564 774181
177.564 774521
177.614 774861
177.614 775201
177.665 775541
177.665 775881
177.715 776221
177.715 776561
177.766 776901
177.766 777241
177.766 777581
177.816 777921
177.816 778261
177.867 778601
177.867 778941
177.917 779281
177.917 779621
177.967 779961
177.967 780301
178.018 780641
178.018 780981
178.068 781321
178.068 781661
178.119 782001
178.119 782341
178.169 782681
178.169 783021
178.22 783361
178.22 783701
178.27 784041
178.27 784381
178.321 784721
178.321 785061
178.371 785401
178.371 785741
178.421 786081
178.421 786421
178.472 786761
178.472 787101
178.522 787441
178.522 787781
178.573 788121
178.573 788461
178.623 788801
178.623 789141
178.674 789481
178.674 789821
178.724 790161
178.724 790501
178.774 790841
178.774 791181
178.825 791521
178.825 791861
178.825 792201
178.875 792541
178.875 792881
178.926 793221
178.926 793561
178.976 793901
178.976 794241
179.027 794581
179.027 794921
179.077 795261
179.077 795601
179.127 795941
179.127 796281
179.178 796621
179.178 796961
179.228 797301
179.228 797641
179.279 797981
179.279 798321
179.329 798661
179.329 799001
179.38 799341
179.38 799681
179.43 800021
179.43 800361
179.48 800701
179.48 801041
179.531 801381
179.531 801721
179.581 802061
179.581 802401
179.632 802741
179.632 803081
179.682 803421
179.682 803761
179.733 804101
179.733 804441
179.783 804781
179.783 805121
179.833 805461
179.833 805801
179.884 806141
179.884 806481
179.934 806821
179.934 807161
179.985 807501
179.985 807841
179.985 808181
180.035 808521
180.035 808861
180.086 809201
180.086 809541
180.136 809881
180.136 810221
180.187 810561
180.187 810901
180.237 811241
180.237 811581
180.287 811921
180.287 812261
180.338 812601
180.338 812941
180.388 813281
180.388 813621
180.439 813961
180.439 814301
180.489 814641
180.489 814981
180.54 815321
180.54 815661
180.59 816001
180.59 816341
180.64 816681
180.64 817021
180.691 817361
180.691 817701
180.741 818041
180.741 818381
180.792 818721
180.792 819061
180.842 819401
180.842 819741
180.893 820081
180.893 820421
180.943 820761
180.943 821101
180.993 821441
180.993 821781
181.044 822121
181.044 822461
181.094 822801
181.094 823141
181.145 823481
181.145 823821
181.145 824161
181.195 824501
181.195 824841
181.246 825181
181.246 825521
181.296 825861
181.296 826201
181.346 826541
181.346 826881
181.397 827221
181.397 827561
181.447 827901
181.447 828241
181.498 828581
181.498 828921
181.548 829261
181.548 829601
181.599 829941
181.599 830281
181.649 830621
181.649 830961
181.699 831301
181.699 831641
181.75 831981
181.75 832321
181.8 832661
181.8 833001
181.851 833341
181.851 833681
181.901 834021
181.901 834361
181.952 834701
181.952 835041
182.002 835381
182.002 835721
182.052 836061
182.052 836401
182.103 836741
182.103 837081
182.153 837421
182.153 837761
182.204 838101
182.204 838441
182.254 838781
182.254 839121
182.305 839461
182.305 839801
182.355 840141
182.355 840481
182.355 840821
182.406 841161
182.406 841501
182.456 841841
182.456 842181
182.506 842521
182.506 842861
182.557 843201
182.557 843541
182.607 843881
182.607 844221
182.658 844561
182.658 844901
182.708 845241
182.708 845581
182.759 845921
182.759 846261
182.809 846601
182.809 846941
182.859 847281
182.859 847621
182.91 847961
182.91 848301
182.96 848641
182.96 848981
183.011 849321
183.011 849661
183.061 850001
183.061 850341
183.112 850681
183.112 851021
183.162 851361
183.162 851701
183.212 852041
183.212 852381
183.263 852721
183.263 853061
183.313 853401
183.313 853741
183.364 854081
183.364 854421
183.414 854761
183.414 855101
183.465 855441
183.465 855781
183.515 856121
183.515 856461
183.565 856801
183.565 857141
183.616 857481
183.616 857821
183.666 858161
183.666 858501
183.717 858841
183.717 859181
183.767 859521
183.767 859861
183.818 860201
183.818 860541
183.868 860881
183.868 861221
183.918 861561
183.918 861901
183.969 862241
183.969 862581
184.019 862921
184.019 863261
184.07 863601
184.07 863941
184.12 864281
184.12 864621
184.171 864961
184.171 865301
184.221 865641
184.221 865981
184.271 866321
184.271 866661
184.322 867001
184.322 867341
184.372 867681
184.372 868021
184.423 868361
184.423 868701
184.473 869041
184.473 869381
184.524 869721
184.524 870061
184.574 870401
184.574 870741
184.625 871081
184.625 871421
184.675 871761
184.675 872101
184.725 872441
184.725 872781
184.776 873121
184.776 873461
184.826 873801
184.826 874141
184.877 874481
184.877 874821
184.927 875161
184.927 875501
184.978 875841
184.978 876181
185.028 876521
185.028 876861
185.078 877201
185.078 877541
185.129 877881
185.129 878221
185.179 878561
185.179 878901
185.23 879241
185.23 879581
185.28 879921
185.28 880261
185.331 880601
185.331 880941
185.381 881281
185.381 881621
185.431 881961
185.431 882301
185.482 882641
185.482 882981
185.532 883321
185.532 883661
185.583 884001
185.583 884341
185.633 884681
185.633 885021
185.684 885361
185.684 885701
185.734 886041
185.734 886381
185.784 886721
185.784 887061
185.835 887401
185.835 887741
185.885 888081
185.885 888421
185.936 888761
185.936 889101
185.986 889441
185.986 889781
186.037 890121
186.037 890461
186.087 890801
186.087 891141
186.137 891481
186.137 891821
186.188 892161
186.188 892501
186.238 892841
186.238 893181
186.289 893521
186.289 893861
186.339 894201
186.339 894541
186.39 894881
186.39 895221
186.44 895561
186.44 895901
186.491 896241
186.491 896581
186.541 896921
186.541 897261
186.591 897601
186.591 897941
186.642 898281
186.642 898621
186.692 898961
186.692 899301
186.743 899641
186.743 899981
186.793 900321
186.793 900661
186.844 901001
186.844 901341
186.894 901681
186.894 902021
186.944 902361
186.944 902701
186.995 903041
186.995 903381
187.045 903721
187.045 904061
187.096 904401
187.096 904741
187.146 905081
187.146 905421
187.197 905761
187.197 906101
187.247 906441
187.247 906781
187.297 907121
187.297 907461
187.348 907801
187.348 908141
187.398 908481
187.398 908821
187.449 909161
187.449 909501
187.499 909841
187.499 910181
187.55 910521
187.55 910861
187.6 911201
187.6 911541
187.65 911881
187.65 912221
187.701 912561
187.701 912901
187.751 913241
187.751 913581
187.802 913921
187.802 914261
187.852 914601
187.852 914941
187.903 915281
187.903 915621
187.953 915961
187.953 916301
188.003 916641
188.003 916981
188.054 917321
188.054 917661
188.104 918001
188.104 918341
188.155 918681
188.155 919021
188.205 919361
188.205 919701
188.256 920041
188.256 920381
188.306 920721
188.306 921061
188.356 921401
188.356 921741
188.407 922081
188.407 922421
188.457 922761
188.457 923101
188.508 923441
188.508 923781
188.558 924121
188.558 924461
188.609 924801
188.609 925141
188.659 925481
188.659 925821
188.71 926161
188.71 926501
188.76 926841
188.76 927181
188.81 927521
188.81 927861
188.861 928201
188.861 928541
188.911 928881
188.911 929221
188.962 929561
188.962 929901
189.012 930241
189.012 930581
189.063 930921
189.063 931261
189.113 931601
189.113 931941
189.163 932281
189.163 932621
189.214 932961
189.214 933301
189.264 933641
189.264 933981
189.315 934321
189.315 934661
189.365 935001
189.365 935341
189.416 935681
189.416 936021
189.466 936361
189.466 936701
189.516 937041
189.516 937381
189.567 937721
189.567 938061
189.617 938401
189.617 938741
189.668 939081
189.668 939421
189.718 939761
189.718 940101
189.769 940441
189.769 940781
189.819 941121
189.819 941461
189.869 941801
189.869 942141
189.92 942481
189.92 942821
189.97 943161
189.97 943501
190.021 943841
190.021 944181
190.071 944521
190.071 944861
190.122 945201
190.122 945541
190.172 945881
190.172 946221
190.222 946561
190.222 946901
190.273 947241
190.273 947581
190.323 947921
190.323 948261
190.374 948601
190.374 948941
190.424 949281
190.424 949621
190.475 949961
190.475 950301
190.525 950641
190.525 950981
190.575 951321
190.575 951661
190.626 952001
190.626 952341
190.676 952681
190.676 953021
190.727 953361
190.727 953701
190.777 954041
190.777 954381
190.828 954721
190.828 955061
190.878 955401
190.878 955741
190.929 956081
190.929 956421
190.979 956761
190.979 957101
191.029 957441
191.029 957781
191.08 958121
191.08 958461
191.13 958801
191.13 959141
191.181 959481
191.181 959821
191.231 960161
191.231 960501
191.282 960841
191.282 961181
191.332 961521
191.332 961861
191.382 962201
191.382 962541
191.433 962881
191.433 963221
191.483 963561
191.483 963901
191.534 964241
191.534 964581
191.584 964921
191.584 965261
191.635 965601
191.635 965941
191.685 966281
191.685 966621
191.735 966961
191.735 967301
191.786 967641
191.786 967981
191.836 968321
191.836 968661
191.887 969001
191.887 969341
191.937 969681
191.937 970021
191.988 970361
191.988 970701
192.038 971041
192.038 971381
192.088 971721
192.088 972061
192.139 972401
192.139 972741
192.189 973081
192.189 973421
192.24 973761
192.24 974101
192.29 974441
192.29 974781
192.341 975121
192.341 975461
192.391 975801
192.391 976141
192.441 976481
192.441 976821
192.492 977161
192.492 977501
192.542 977841
192.542 978181
192.593 978521
192.593 978861
192.643 979201
192.643 979541
192.694 979881
192.694 980221
192.744 980561
192.744 980901
192.795 981241
192.795 981581
192.845 981921
192.845 982261
192.895 982601
192.895 982941
192.946 983281
192.946 983621
192.996 983961
192.996 984301
193.047 984641
193.047 984981
193.097 985321
193.097 985661
193.148 986001
193.148 986341
193.198 986681
193.198 987021
193.248 987361
193.248 987701
193.299 988041
193.299 988381
193.349 988721
193.349 989061
193.4 989401
193.4 989741
193.45 990081
193.45 990421
193.501 990761
193.501 991101
193.551 991441
193.551 991781
193.601 992121
193.601 992461
193.652 992801
193.652 993141
193.702 993481
193.702 993821
193.753 994161
193.753 994501
193.803 994841
193.803 995181
193.854 995521
193.854 995861
193.904 996201
193.904 996541
193.954 996881
193.954 997221
194.005 997561
194.005 997901
194.055 998241
194.055 998581
194.106 998921
194.106 999261
194.156 999601
194.156 999941
194.207 1000281
194.207 1000621
194.257 1000961
194.257 1001301
194.307 1001641
194.307 1001981
194.358 1002321
194.358 1002661
194.408 1003001
194.408 1003341
194.459 1003681
194.459 1004021
194.509 1004361
194.509 1004701
194.56 1005041
194.56 1005381
194.61 1005721
194.61 1006061
194.66 1006401
194.66 1006741
194.711 1007081
194.711 1007421
194.761 1007761
194.761 1008101
194.812 1008441
194.812 1008781
194.862 1009121
194.862 1009461
194.913 1009801
194.913 1010141
194.963 1010481
194.963 1010821
195.014 1011161
195.014 1011501
195.064 1011841
195.064 1012181
195.114 1012521
195.114 1012861
195.165 1013201
195.165 1013541
195.215 1013881
195.215 1014221
195.266 1014561
195.266 1014901
195.316 1015241
195.316 1015581
195.367 1015921
195.367 1016261
195.417 1016601
195.417 1016941
195.467 1017281
195.467 1017621
195.518 1017961
195.518 1018301
195.568 1018641
195.568 1018981
195.619 1019321
195.619 1019661
195.669 1020001
195.669 1020341
195.72 1020681
195.72 1021021
195.77 1021361
195.77 1021701
195.82 1022041
195.82 1022381
195.871 1022721
195.871 1023061
195.921 1023401
195.921 1023741
195.972 1024081
195.972 1024421
196.022 1024761
196.022 1025101
196.073 1025441
196.073 1025781
196.123 1026121
196.123 1026461
196.173 1026801
196.173 1027141
196.224 1027481
196.224 1027821
196.274 1028161
196.274 1028501
196.325 1028841
196.325 1029181
196.375 1029521
196.375 1029861
196.426 1030201
196.426 1030541
196.476 1030881
196.476 1031221
196.526 1031561
196.526 1031901
196.577 1032241
196.577 1032581
196.627 1032921
196.627 1033261
196.678 1033601
196.678 1033941
196.728 1034281
196.728 1034621
196.779 1034961
196.779 1035301
196.829 1035641
196.829 1035981
196.879 1036321
196.879 1036661
196.93 1037001
196.93 1037341
196.98 1037681
196.98 1038021
197.031 1038361
197.031 1038701
197.081 1039041
197.081 1039381
197.132 1039721
197.132 1040061
197.182 1040401
197.182 1040741
197.233 1041081
197.233 1041421
197.283 1041761
197.283 1042101
197.333 1042441
197.333 1042781
197.384 1043121
197.384 1043461
197.434 1043801
197.434 1044141
197.485 1044481
197.485 1044821
197.535 1045161
197.535 1045501
197.586 1045841
197.586 1046181
197.636 1046521
197.636 1046861
197.686 1047201
197.686 1047541
197.737 1047881
197.737 1048221
197.787 1048561
197.787 1048901
197.838 1049241
197.838 1049581
197.888 1049921
197.888 1050261
197.939 1050601
197.939 1050941
197.989 1051281
197.989 1051621
198.039 1051961
198.039 1052301
198.09 1052641
198.09 1052981
198.14 1053321
198.14 1053661
198.191 1054001
198.191 1054341
198.241 1054681
198.241 1055021
198.292 1055361
198.292 1055701
198.342 1056041
198.342 1056381
198.392 1056721
198.392 1057061
198.443 1057401
198.443 1057741
198.493 1058081
198.493 1058421
198.544 1058761
198.544 1059101
198.594 1059441
198.594 1059781
198.645 1060121
198.645 1060461
198.695 1060801
198.695 1061141
198.745 1061481
198.745 1061821
198.796 1062161
198.796 1062501
198.846 1062841
198.846 1063181
198.897 1063521
198.897 1063861
198.947 1064201
198.947 1064541
198.998 1064881
198.998 1065221
199.048 1065561
199.048 1065901
199.099 1066241
199.099 1066581
199.149 1066921
199.149 1067261
199.199 1067601
199.199 1067941
199.25 1068281
199.25 1068621
199.3 1068961
199.3 1069301
199.351 1069641
199.351 1069981
199.401 1070321
199.401 1070661
199.452 1071001
199.452 1071341
199.502 1071681
199.502 1072021
199.552 1072361
199.552 1072701
199.603 1073041
199.603 1073381
199.653 1073721
199.653 1074061
199.704 1074401
199.704 1074741
199.754 1075081
199.754 1075421
199.805 1075761
199.805 1076101
199.855 1076441
199.855 1076781
199.905 1077121
199.905 1077461
199.956 1077801
199.956 1078141
200.006 1078481
200.006 1078821
200.057 1079161
200.057 1079501
200.107 1079841
200.107 1080181
200.158 1080521
200.158 1080861
200.208 1081201
200.208 1081541
200.258 1081881
200.258 1082221
200.309 1082561
200.309 1082901
200.359 1083241
200.359 1083581
200.41 1083921
200.41 1084261
200.46 1084601
200.46 1084941
200.511 1085281
200.511 1085621
200.561 1085961
200.561 1086301
200.611 1086641
200.611 1086981
200.662 1087321
200.662 1087661
200.712 1088001
200.712 1088341
200.763 1088681
200.763 1089021
200.813 1089361
200.813 1089701
200.864 1090041
200.864 1090381
200.914 1090721
200.914 1091061
200.964 1091401
200.964 1091741
201.015 1092081
201.015 1092421
201.065 1092761
201.065 1093101
201.116 1093441
201.116 1093781
201.166 1094121
201.166 1094461
201.217 1094801
201.217 1095141
201.267 1095481
201.267 1095821
201.318 1096161
201.318 1096501
201.368 1096841
201.368 1097181
201.418 1097521
201.418 1097861
201.469 1098201
201.469 1098541
201.519 1098881
201.519 1099221
201.57 1099561
201.57 1099901
201.62 1100241
201.62 1100581
201.671 1100921
201.671 1101261
201.721 1101601
201.721 1101941
201.771 1102281
201.771 1102621
201.822 1102961
201.822 1103301
201.872 1103641
201.872 1103981
201.923 1104321
201.923 1104661
201.973 1105001
201.973 1105341
202.024 1105681
202.024 1106021
202.074 1106361
202.074 1106701
202.124 1107041
202.124 1107381
202.175 1107721
202.175 1108061
202.225 1108401
202.225 1108741
202.276 1109081
202.276 1109421
202.326 1109761
202.326 1110101
202.377 1110441
202.377 1110781
202.427 1111121
202.427 1111461
202.477 1111801
202.477 1112141
202.528 1112481
202.528 1112821
202.578 1113161
202.578 1113501
202.629 1113841
202.629 1114181
202.679 1114521
202.679 1114861
202.73 1115201
202.73 1115541
202.78 1115881
202.78 1116221
202.83 1116561
202.83 1116901
202.881 1117241
202.881 1117581
202.931 1117921
202.931 1118261
202.982 1118601
202.982 1118941
203.032 1119281
203.032 1119621
203.083 1119961
203.083 1120301
203.133 1120641
203.133 1120981
203.183 1121321
203.183 1121661
203.234 1122001
203.234 1122341
203.284 1122681
203.284 1123021
203.335 1123361
203.335 1123701
203.385 1124041
203.385 1124381
203.436 1124721
203.436 1125061
203.486 1125401
203.486 1125741
203.537 1126081
203.537 1126421
203.587 1126761
203.587 1127101
203.637 1127441
203.637 1127781
203.688 1128121
203.688 1128461
203.738 1128801
203.738 1129141
203.789 1129481
203.789 1129821
203.839 1130161
203.839 1130501
203.89 1130841
203.89 1131181
203.94 1131521
203.94 1131861
203.99 1132201
203.99 1132541
204.041 1132881
204.041 1133221
204.091 1133561
204.091 1133901
204.142 1134241
204.142 1134581
204.192 1134921
204.192 1135261
204.243 1135601
204.243 1135941
204.293 1136281
204.293 1136621
204.343 1136961
204.343 1137301
204.394 1137641
204.394 1137981
204.444 1138321
204.444 1138661
204.495 1139001
204.495 1139341
204.545 1139681
204.545 1140021
204.596 1140361
204.596 1140701
204.646 1141041
204.646 1141381
204.696 1141721
204.696 1142061
204.747 1142401
204.747 1142741
204.797 1143081
204.797 1143421
204.848 1143761
204.848 1144101
204.898 1144441
204.898 1144781
204.949 1145121
204.949 1145461
204.999 1145801
204.999 1146141
205.049 1146481
205.049 1146821
205.1 1147161
205.1 1147501
205.15 1147841
205.15 1148181
205.201 1148521
205.201 1148861
205.251 1149201
205.251 1149541
205.302 1149881
205.302 1150221
205.352 1150561
205.352 1150901
205.403 1151241
205.403 1151581
205.453 1151921
205.453 1152261
205.503 1152601
205.503 1152941
205.554 1153281
205.554 1153621
205.604 1153961
205.604 1154301
205.655 1154641
205.655 1154981
205.705 1155321
205.705 1155661
205.756 1156001
205.756 1156341
205.806 1156681
205.806 1157021
205.856 1157361
205.856 1157701
205.907 1158041
205.907 1158381
205.957 1158721
205.957 1159061
206.008 1159401
206.008 1159741
206.058 1160081
206.058 1160421
206.109 1160761
206.109 1161101
206.159 1161441
206.159 1161781
206.209 1162121
206.209 1162461
206.26 1162801
206.26 1163141
206.31 1163481
206.31 1163821
206.361 1164161
206.361 1164501
206.411 1164841
206.411 1165181
206.462 1165521
206.462 1165861
206.512 1166201
206.512 1166541
206.562 1166881
206.562 1167221
206.613 1167561
206.613 1167901
206.663 1168241
206.663 1168581
206.714 1168921
206.714 1169261
206.764 1169601
206.764 1169941
206.815 1170281
206.815 1170621
206.865 1170961
206.865 1171301
206.915 1171641
206.915 1171981
206.966 1172321
206.966 1172661
207.016 1173001
207.016 1173341
207.067 1173681
207.067 1174021
207.117 1174361
207.117 1174701
207.168 1175041
207.168 1175381
207.218 1175721
207.218 1176061
207.268 1176401
207.268 1176741
207.319 1177081
207.319 1177421
207.369 1177761
207.369 1178101
207.42 1178441
207.42 1178781
207.47 1179121
207.47 1179461
207.521 1179801
207.521 1180141
207.571 1180481
207.571 1180821
207.622 1181161
207.622 1181501
207.672 1181841
207.672 1182181
207.722 1182521
207.722 1182861
207.773 1183201
207.773 1183541
207.823 1183881
207.823 1184221
207.874 1184561
207.874 1184901
207.924 1185241
207.924 1185581
207.975 1185921
207.975 1186261
208.025 1186601
208.025 1186941
208.075 1187281
208.075 1187621
208.126 1187961
208.126 1188301
208.176 1188641
208.176 1188981
208.227 1189321
208.227 1189661
208.277 1190001
208.277 1190341
208.328 1190681
208.328 1191021
208.378 1191361
208.378 1191701
208.428 1192041
208.428 1192381
208.479 1192721
208.479 1193061
208.529 1193401
208.529 1193741
208.58 1194081
208.58 1194421
208.63 1194761
208.63 1195101
208.681 1195441
208.681 1195781
208.731 1196121
208.731 1196461
208.781 1196801
208.781 1197141
208.832 1197481
208.832 1197821
208.882 1198161
208.882 1198501
208.933 1198841
208.933 1199181
208.983 1199521
208.983 1199861
209.034 1200201
209.034 1200541
209.084 1200881
209.084 1201221
209.134 1201561
209.134 1201901
209.185 1202241
209.185 1202581
209.235 1202921
209.235 1203261
209.286 1203601
209.286 1203941
209.336 1204281
209.336 1204621
209.387 1204961
209.387 1205301
209.437 1205641
209.437 1205981
209.487 1206321
209.487 1206661
209.538 1207001
209.538 1207341
209.588 1207681
209.588 1208021
209.639 1208361
209.639 1208701
209.689 1209041
209.689 1209381
209.74 1209721
209.74 1210061
209.79 1210401
209.79 1210741
209.841 1211081
209.841 1211421
209.891 1211761
209.891 1212101
209.941 1212441
209.941 1212781
209.992 1213121
209.992 1213461
210.042 1213801
210.042 1214141
210.093 1214481
210.093 1214821
210.143 1215161
210.143 1215501
210.194 1215841
210.194 1216181
210.244 1216521
210.244 1216861
210.294 1217201
210.294 1217541
210.345 1217881
210.345 1218221
210.395 1218561
210.395 1218901
210.446 1219241
210.446 1219581
210.496 1219921
210.496 1220261
210.547 1220601
210.547 1220941
210.597 1221281
210.597 1221621
210.647 1221961
210.647 1222301
210.698 1222641
210.698 1222981
210.748 1223321
210.748 1223661
210.799 1224001
210.799 1224341
210.849 1224681
210.849 1225021
210.9 1225361
210.9 1225701
210.95 1226041
210.95 1226381
211 1226721
211 1227061
211.051 1227401
211.051 1227741
211.101 1228081
211.101 1228421
211.152 1228761
211.152 1229101
211.202 1229441
211.202 1229781
211.253 1230121
211.253 1230461
211.303 1230801
211.303 1231141
211.353 1231481
211.353 1231821
211.404 1232161
211.404 1232501
211.454 1232841
211.454 1233181
211.505 1233521
211.505 1233861
211.555 1234201
211.555 1234541
211.606 1234881
211.606 1235221
211.656 1235561
211.656 1235901
211.707 1236241
211.707 1236581
211.757 1236921
211.757 1237261
211.807 1237601
211.807 1237941
211.858 1238281
211.858 1238621
211.908 1238961
211.908 1239301
211.959 1239641
211.959 1239981
212.009 1240321
212.009 1240661
212.06 1241001
212.06 1241341
212.11 1241681
212.11 1242021
212.16 1242361
212.16 1242701
212.211 1243041
212.211 1243381
212.261 1243721
212.261 1244061
212.312 1244401
212.312 1244741
212.362 1245081
212.362 1245421
212.413 1245761
212.413 1246101
212.463 1246441
212.463 1246781
212.513 1247121
212.513 1247461
212.564 1247801
212.564 1248141
212.614 1248481
212.614 1248821
212.665 1249161
212.665 1249501
212.715 1249841
212.715 1250181
212.766 1250521
212.766 1250861
212.816 1251201
212.816 1251541
212.866 1251881
212.866 1252221
212.917 1252561
212.917 1252901
212.967 1253241
212.967 1253581
213.018 1253921
213.018 1254261
213.068 1254601
213.068 1254941
213.119 1255281
213.119 1255621
213.169 1255961
213.169 1256301
213.219 1256641
213.219 1256981
213.27 1257321
213.27 1257661
213.32 1258001
213.32 1258341
213.371 1258681
213.371 1259021
213.421 1259361
213.421 1259701
213.472 1260041
213.472 1260381
213.522 1260721
213.522 1261061
213.572 1261401
213.572 1261741
213.623 1262081
213.623 1262421
213.673 1262761
213.673 1263101
213.724 1263441
213.724 1263781
213.774 1264121
213.774 1264461
213.825 1264801
213.825 1265141
213.875 1265481
213.875 1265821
213.926 1266161
213.926 1266501
213.976 1266841
213.976 1267181
214.026 1267521
214.026 1267861
214.077 1268201
214.077 1268541
214.127 1268881
214.127 1269221
214.178 1269561
214.178 1269901
214.228 1270241
214.228 1270581
214.279 1270921
214.279 1271261
214.329 1271601
214.329 1271941
214.379 1272281
214.379 1272621
214.43 1272961
214.43 1273301
214.48 1273641
214.48 1273981
214.531 1274321
214.531 1274661
214.581 1275001
214.581 1275341
214.632 1275681
214.632 1276021
214.682 1276361
214.682 1276701
214.732 1277041
214.732 1277381
214.783 1277721
214.783 1278061
214.833 1278401
214.833 1278741
214.884 1279081
214.884 1279421
214.934 1279761
214.934 1280101
214.985 1280441
214.985 1280781
215.035 1281121
215.035 1281461
215.085 1281801
215.085 1282141
215.136 1282481
215.136 1282821
215.186 1283161
215.186 1283501
215.237 1283841
215.237 1284181
215.287 1284521
215.287 1284861
215.338 1285201
215.338 1285541
215.388 1285881
215.388 1286221
215.438 1286561
215.438 1286901
215.489 1287241
215.489 1287581
215.539 1287921
215.539 1288261
215.59 1288601
215.59 1288941
215.64 1289281
215.64 1289621
215.691 1289961
215.691 1290301
215.741 1290641
215.741 1290981
215.791 1291321
215.791 1291661
215.842 1292001
215.842 1292341
215.892 1292681
215.892 1293021
215.943 1293361
215.943 1293701
215.993 1294041
215.993 1294381
216.044 1294721
216.044 1295061
216.094 1295401
216.094 1295741
216.145 1296081
216.145 1296421
216.195 1296761
216.195 1297101
216.245 1297441
216.245 1297781
216.296 1298121
216.296 1298461
216.346 1298801
216.346 1299141
216.397 1299481
216.397 1299821
216.447 1300161
216.447 1300501
216.498 1300841
216.498 1301181
216.548 1301521
216.548 1301861
216.598 1302201
216.598 1302541
216.649 1302881
216.649 1303221
216.699 1303561
216.699 1303901
216.75 1304241
216.75 1304581
216.8 1304921
216.8 1305261
216.851 1305601
216.851 1305941
216.901 1306281
216.901 1306621
216.951 1306961
216.951 1307301
217.002 1307641
217.002 1307981
217.052 1308321
217.052 1308661
217.103 1309001
217.103 1309341
217.153 1309681
217.153 1310021
217.204 1310361
217.204 1310701
217.254 1311041
217.254 1311381
217.304 1311721
217.304 1312061
217.355 1312401
217.355 1312741
217.405 1313081
217.405 1313421
217.456 1313761
217.456 1314101
217.506 1314441
217.506 1314781
217.557 1315121
217.557 1315461
217.607 1315801
217.607 1316141
217.657 1316481
217.657 1316821
217.708 1317161
217.708 1317501
217.758 1317841
217.758 1318181
217.809 1318521
217.809 1318861
217.859 1319201
217.859 1319541
217.91 1319881
217.91 1320221
217.96 1320561
217.96 1320901
218.011 1321241
218.011 1321581
218.061 1321921
218.061 1322261
218.111 1322601
218.111 1322941
218.162 1323281
218.162 1323621
218.212 1323961
218.212 1324301
218.263 1324641
218.263 1324981
218.313 1325321
218.313 1325661
218.364 1326001
218.364 1326341
218.414 1326681
218.414 1327021
218.464 1327361
218.464 1327701
218.515 1328041
218.515 1328381
218.565 1328721
218.565 1329061
218.616 1329401
218.616 1329741
218.666 1330081
218.666 1330421
218.717 1330761
218.717 1331101
218.767 1331441
218.767 1331781
218.817 1332121
218.817 1332461
218.868 1332801
218.868 1333141
218.918 1333481
218.918 1333821
218.969 1334161
218.969 1334501
219.019 1334841
219.019 1335181
219.07 1335521
219.07 1335861
219.12 1336201
219.12 1336541
219.17 1336881
219.17 1337221
219.221 1337561
219.221 1337901
219.271 1338241
219.271 1338581
219.322 1338921
219.322 1339261
219.372 1339601
219.372 1339941
219.423 1340281
219.423 1340621
219.473 1340961
219.473 1341301
219.523 1341641
219.523 1341981
219.574 1342321
219.574 1342661
219.624 1343001
219.624 1343341
219.675 1343681
219.675 1344021
219.725 1344361
219.725 1344701
219.776 1345041
219.776 1345381
219.826 1345721
219.826 1346061
219.876 1346401
219.876 1346741
219.927 1347081
219.927 1347421
219.977 1347761
219.977 1348101
220.028 1348441
220.028 1348781
220.078 1349121
220.078 1349461
220.129 1349801
220.129 1350141
220.179 1350481
220.179 1350821
220.23 1351161
220.23 1351501
220.28 1351841
220.28 1352181
220.33 1352521
220.33 1352861
220.381 1353201
220.381 1353541
220.431 1353881
220.431 1354221
220.482 1354561
220.482 1354901
220.532 1355241
220.532 1355581
220.583 1355921
220.583 1356261
220.633 1356601
220.633 1356941
220.683 1357281
220.683 1357621
220.734 1357961
220.734 1358301
220.784 1358641
220.784 1358981
220.835 1359321
220.835 1359661
220.885 1360001
220.885 1360341
220.936 1360681
220.936 1361021
220.986 1361361
220.986 1361701
221.036 1362041
221.036 1362381
221.087 1362721
221.087 1363061
221.137 1363401
221.137 1363741
221.188 1364081
221.188 1364421
221.238 1364761
221.238 1365101
221.289 1365441
221.289 1365781
221.339 1366121
221.339 1366461
221.389 1366801
221.389 1367141
221.44 1367481
221.44 1367821
221.49 1368161
221.49 1368501
221.541 1368841
221.541 1369181
221.591 1369521
221.591 1369861
221.642 1370201
221.642 1370541
221.692 1370881
221.692 1371221
221.742 1371561
221.742 1371901
221.793 1372241
221.793 1372581
221.843 1372921
221.843 1373261
221.894 1373601
221.894 1373941
221.944 1374281
221.944 1374621
221.995 1374961
221.995 1375301
222.045 1375641
222.045 1375981
222.095 1376321
222.095 1376661
222.146 1377001
222.146 1377341
222.196 1377681
222.196 1378021
222.247 1378361
222.247 1378701
222.297 1379041
222.297 1379381
222.348 1379721
222.348 1380061
222.398 1380401
222.398 1380741
222.449 1381081
222.449 1381421
222.499 1381761
222.499 1382101
222.549 1382441
222.549 1382781
222.6 1383121
222.6 1383461
222.65 1383801
222.65 1384141
222.701 1384481
222.701 1384821
222.751 1385161
222.751 1385501
222.802 1385841
222.802 1386181
222.852 1386521
222.852 1386861
222.902 1387201
222.902 1387541
222.953 1387881
222.953 1388221
223.003 1388561
223.003 1388901
223.054 1389241
223.054 1389581
223.104 1389921
223.104 1390261
223.155 1390601
223.155 1390941
223.205 1391281
223.205 1391621
223.255 1391961
223.255 1392301
223.306 1392641
223.306 1392981
223.356 1393321
223.356 1393661
223.407 1394001
223.407 1394341
223.457 1394681
223.457 1395021
223.508 1395361
223.508 1395701
223.558 1396041
223.558 1396381
223.608 1396721
223.608 1397061
223.659 1397401
223.659 1397741
223.709 1398081
223.709 1398421
223.76 1398761
223.76 1399101
223.81 1399441
223.81 1399781
223.861 1400121
223.861 1400461
223.911 1400801
223.911 1401141
223.961 1401481
223.961 1401821
224.012 1402161
224.012 1402501
224.062 1402841
224.062 1403181
224.113 1403521
224.113 1403861
224.163 1404201
224.163 1404541
224.214 1404881
224.214 1405221
224.264 1405561
224.264 1405901
224.315 1406241
224.315 1406581
224.365 1406921
224.365 1407261
224.415 1407601
224.415 1407941
224.466 1408281
224.466 1408621
224.516 1408961
224.516 1409301
224.567 1409641
224.567 1409981
224.617 1410321
224.617 1410661
224.668 1411001
224.668 1411341
224.718 1411681
224.718 1412021
224.768 1412361
224.768 1412701
224.819 1413041
224.819 1413381
224.869 1413721
224.869 1414061
224.92 1414401
224.92 1414741
224.97 1415081
224.97 1415421
225.021 1415761
225.021 1416101
225.071 1416441
225.071 1416781
225.121 1417121
225.121 1417461
225.172 1417801
225.172 1418141
225.222 1418481
225.222 1418821
225.273 1419161
225.273 1419501
225.323 1419841
225.323 1420181
225.374 1420521
225.374 1420861
225.424 1421201
225.424 1421541
225.474 1421881
225.474 1422221
225.525 1422561
225.525 1422901
225.575 1423241
225.575 1423581
225.626 1423921
225.626 1424261
225.676 1424601
225.676 1424941
225.727 1425281
225.727 1425621
225.777 1425961
225.777 1426301
225.827 1426641
225.827 1426981
225.878 1427321
225.878 1427661
225.928 1428001
225.928 1428341
225.979 1428681
225.979 1429021
226.029 1429361
226.029 1429701
226.08 1430041
226.08 1430381
226.13 1430721
226.13 1431061
226.18 1431401
226.18 1431741
226.231 1432081
226.231 1432421
226.281 1432761
226.281 1433101
226.332 1433441
226.332 1433781
226.382 1434121
226.382 1434461
226.433 1434801
226.433 1435141
226.483 1435481
226.483 1435821
226.534 1436161
226.534 1436501
226.584 1436841
226.584 1437181
226.634 1437521
226.634 1437861
226.685 1438201
226.685 1438541
226.735 1438881
226.735 1439221
226.786 1439561
226.786 1439901
226.836 1440241
226.836 1440581
226.887 1440921
226.887 1441261
226.937 1441601
226.937 1441941
226.987 1442281
226.987 1442621
227.038 1442961
227.038 1443301
227.088 1443641
227.088 1443981
227.139 1444321
227.139 1444661
227.189 1445001
227.189 1445341
227.24 1445681
227.24 1446021
227.29 1446361
227.29 1446701
227.34 1447041
227.34 1447381
227.391 1447721
227.391 1448061
227.441 1448401
227.441 1448741
227.492 1449081
227.492 1449421
227.542 1449761
227.542 1450101
227.593 1450441
227.593 1450781
227.643 1451121
227.643 1451461
227.693 1451801
227.693 1452141
227.744 1452481
227.744 1452821
227.794 1453161
227.794 1453501
227.845 1453841
227.845 1454181
227.895 1454521
227.895 1454861
227.946 1455201
227.946 1455541
227.996 1455881
227.996 1456221
228.046 1456561
228.046 1456901
228.097 1457241
228.097 1457581
228.147 1457921
228.147 1458261
228.198 1458601
228.198 1458941
228.248 1459281
228.248 1459621
228.299 1459961
228.299 1460301
228.349 1460641
228.349 1460981
228.399 1461321
228.399 1461661
228.45 1462001
228.45 1462341
228.5 1462681
228.5 1463021
228.551 1463361
228.551 1463701
228.601 1464041
228.601 1464381
228.652 1464721
228.652 1465061
228.702 1465401
228.702 1465741
228.753 1466081
228.753 1466421
228.803 1466761
228.803 1467101
228.853 1467441
228.853 1467781
228.904 1468121
228.904 1468461
228.954 1468801
228.954 1469141
229.005 1469481
229.005 1469821
229.055 1470161
229.055 1470501
229.106 1470841
229.106 1471181
229.156 1471521
229.156 1471861
229.206 1472201
229.206 1472541
229.257 1472881
229.257 1473221
229.307 1473561
229.307 1473901
229.358 1474241
229.358 1474581
229.408 1474921
229.408 1475261
229.459 1475601
229.459 1475941
229.509 1476281
229.509 1476621
229.559 1476961
229.559 1477301
229.61 1477641
229.61 1477981
229.66 1478321
229.66 1478661
229.711 1479001
229.711 1479341
229.761 1479681
229.761 1480021
229.812 1480361
229.812 1480701
229.862 1481041
229.862 1481381
229.912 1481721
229.912 1482061
229.963 1482401
229.963 1482741
230.013 1483081
230.013 1483421
230.064 1483761
230.064 1484101
230.114 1484441
230.114 1484781
230.165 1485121
230.165 1485461
230.215 1485801
230.215 1486141
230.265 1486481
230.265 1486821
230.316 1487161
230.316 1487501
230.366 1487841
230.366 1488181
230.417 1488521
230.417 1488861
230.467 1489201
230.467 1489541
230.518 1489881
230.518 1490221
230.568 1490561
230.568 1490901
230.619 1491241
230.619 1491581
230.669 1491921
230.669 1492261
230.719 1492601
230.719 1492941
230.77 1493281
230.77 1493621
230.82 1493961
230.82 1494301
230.871 1494641
230.871 1494981
230.921 1495321
230.921 1495661
230.972 1496001
230.972 1496341
231.022 1496681
231.022 1497021
231.072 1497361
231.072 1497701
231.123 1498041
231.123 1498381
231.173 1498721
231.173 1499061
231.224 1499401
231.224 1499741
231.274 1500081
231.274 1500421
231.325 1500761
231.325 1501101
231.375 1501441
231.375 1501781
231.425 1502121
231.425 1502461
231.476 1502801
231.476 1503141
231.526 1503481
231.526 1503821
231.577 1504161
231.577 1504501
231.627 1504841
231.627 1505181
231.678 1505521
231.678 1505861
231.728 1506201
231.728 1506541
231.778 1506881
231.778 1507221
231.829 1507561
231.829 1507901
231.879 1508241
231.879 1508581
231.93 1508921
231.93 1509261
231.98 1509601
231.98 1509941
232.031 1510281
232.031 1510621
232.081 1510961
232.081 1511301
232.131 1511641
232.131 1511981
232.182 1512321
232.182 1512661
232.232 1513001
232.232 1513341
232.283 1513681
232.283 1514021
232.333 1514361
232.333 1514701
232.384 1515041
232.384 1515381
232.434 1515721
232.434 1516061
232.484 1516401
232.484 1516741
232.535 1517081
232.535 1517421
232.585 1517761
232.585 1518101
232.636 1518441
232.636 1518781
232.686 1519121
232.686 1519461
232.737 1519801
232.737 1520141
232.787 1520481
232.787 1520821
232.838 1521161
232.838 1521501
232.888 1521841
232.888 1522181
232.938 1522521
232.938 1522861
232.989 1523201
232.989 1523541
233.039 1523881
233.039 1524221
233.09 1524561
233.09 1524901
233.14 1525241
233.14 1525581
233.191 1525921
233.191 1526261
233.241 1526601
233.241 1526941
233.291 1527281
233.291 1527621
233.342 1527961
233.342 1528301
233.392 1528641
233.392 1528981
233.443 1529321
233.443 1529661
233.493 1530001
233.493 1530341
233.544 1530681
233.544 1531021
233.594 1531361
233.594 1531701
233.644 1532041
233.644 1532381
233.695 1532721
233.695 1533061
233.745 1533401
233.745 1533741
233.796 1534081
233.796 1534421
233.846 1534761
233.846 1535101
233.897 1535441
233.897 1535781
233.947 1536121
233.947 1536461
233.997 1536801
233.997 1537141
234.048 1537481
234.048 1537821
234.098 1538161
234.098 1538501
234.149 1538841
234.149 1539181
234.199 1539521
234.199 1539861
234.25 1540201
234.25 1540541
234.3 1540881
234.3 1541221
234.35 1541561
234.35 1541901
234.401 1542241
234.401 1542581
234.451 1542921
234.451 1543261
234.502 1543601
234.502 1543941
234.552 1544281
234.552 1544621
234.603 1544961
234.603 1545301
234.653 1545641
234.653 1545981
234.703 1546321
234.703 1546661
234.754 1547001
234.754 1547341
234.804 1547681
234.804 1548021
234.855 1548361
234.855 1548701
234.905 1549041
234.905 1549381
234.956 1549721
234.956 1550061
235.006 1550401
235.006 1550741
235.057 1551081
235.057 1551421
235.107 1551761
235.107 1552101
235.157 1552441
235.157 1552781
235.208 1553121
235.208 1553461
235.258 1553801
235.258 1554141
235.309 1554481
235.309 1554821
235.359 1555161
235.359 1555501
235.41 1555841
235.41 1556181
235.46 1556521
235.46 1556861
235.51 1557201
235.51 1557541
235.561 1557881
235.561 1558221
235.611 1558561
235.611 1558901
235.662 1559241
235.662 1559581
235.712 1559921
235.712 1560261
235.763 1560601
235.763 1560941
235.813 1561281
235.813 1561621
235.863 1561961
235.863 1562301
235.914 1562641
235.914 1562981
235.964 1563321
235.964 1563661
236.015 1564001
236.015 1564341
236.065 1564681
236.065 1565021
236.116 1565361
236.116 1565701
236.166 1566041
236.166 1566381
236.216 1566721
236.216 1567061
236.267 1567401
236.267 1567741
236.317 1568081
236.317 1568421
236.368 1568761
236.368 1569101
236.418 1569441
236.418 1569781
236.469 1570121
236.469 1570461
236.519 1570801
236.519 1571141
236.569 1571481
236.569 1571821
236.62 1572161
236.62 1572501
236.67 1572841
236.67 1573181
236.721 1573521
236.721 1573861
236.771 1574201
236.771 1574541
236.822 1574881
236.822 1575221
236.872 1575561
236.872 1575901
236.923 1576241
236.923 1576581
236.973 1576921
236.973 1577261
237.582 1577262
