0.19764 85
0.248072 95
0.298504 110
0.348936 130
0.399368 153
0.4498 180
0.500232 195
0.550664 209
0.601096 220
0.651528 237
0.70196 251
0.752392 264
0.802824 281
0.853256 297
0.903688 310
0.95412 328
1.00455 343
1.05498 357
1.10542 375
1.15585 391
1.20628 406
1.25671 424
1.30714 440
1.35758 455
1.40801 474
1.45844 490
1.50887 504
1.5593 517
1.60974 528
1.66017 537
1.7106 546
1.76103 553
1.81146 560
1.8619 565
1.91233 570
1.96276 574
2.01319 578
2.06362 582
2.11406 585
2.16449 587
2.21492 589
2.26535 591
2.31578 593
2.36622 594
2.41665 596
2.46708 597
2.51751 598
2.56794 599
2.61838 599
2.66881 600
2.71924 601
2.76967 601
2.8201 602
2.87054 602
2.92097 602
2.9714 603
3.02183 603
3.07226 603
3.1227 603
3.17313 603
3.22356 604
3.27399 604
3.32442 604
3.37486 604
3.42529 604
3.47572 604
3.52615 604
3.57658 604
3.62702 604
3.67745 604
3.72788 604
3.77831 604
3.82874 604
3.87918 605
3.92961 605
3.98004 605
4.03047 605
4.0809 605
4.13134 605
4.18177 605
4.2322 605
4.28263 605
4.33306 605
4.3835 605
4.43393 605
4.48436 605
4.53479 605
4.58522 605
4.63566 605
4.68609 605
4.73652 605
4.78695 605
4.83738 605
4.88782 605
4.93825 605
4.98868 605
5.03911 605
5.08954 605
5.13998 605
5.19041 605
5.24084 605
5.29127 605
5.3417 605
5.39214 605
5.44257 605
5.493 605
5.54343 605
5.59386 605
5.6443 605
5.69473 605
5.74516 605
5.79559 605
5.84602 605
5.89646 605
5.94689 605
5.99732 605
6.04775 605
6.09818 605
6.14862 605
6.19905 605
6.24948 605
6.29991 605
6.35034 605
6.40078 605
6.45121 605
6.50164 605
6.55207 605
6.6025 605
6.65294 605
6.70337 605
6.7538 605
6.80423 605
6.85466 605
6.9051 605
6.95553 605
7.00596 605
7.05639 605
7.10682 605
7.15726 605
7.20769 605
7.25812 605
7.30855 605
7.35898 605
7.40942 605
7.45985 605
7.51028 605
7.56071 605
7.61114 605
7.66158 605
7.73799 608
8.51892 563
8.56935 528
8.61978 503
8.67022 487
8.72065 480
8.77108 451
8.82151 426
8.87194 404
8.92238 385
8.97281 369
9.02324 354
9.07367 341
9.1241 330
9.17454 320
9.22497 312
9.2754 304
9.32583 298
9.37626 292
9.4267 287
9.84308 268
9.89352 252
9.98133 238
10.0318 225
10.0944 222
10.1448 215
10.2074 210
10.2578 204
10.3204 200
10.3708 196
10.4213 192
10.4717 186
10.5221 182
10.5726 178
10.623 175
10.6734 172
10.7239 169
10.7743 173
10.8247 177
10.8752 180
10.9256 182
10.976 185
11.0265 187
11.0769 189
11.1273 190
11.1778 191
11.2282 193
11.2786 194
11.3291 195
11.3795 196
11.4299 196
11.4803 197
11.5308 197
11.5812 198
11.6316 205
11.6821 211
11.7325 216
11.7829 220
11.8334 224
11.8838 228
11.9342 231
11.9847 233
12.0351 236
12.0855 238
12.136 239
12.1864 241
12.2368 242
12.2873 243
12.3377 244
12.3881 245
12.4386 246
12.489 247
12.5394 247
12.5899 248
12.6403 248
12.6907 255
12.7411 261
12.7916 266
12.842 271
12.8924 275
12.9429 278
12.9933 281
13.0437 284
13.0942 286
13.1446 288
13.195 290
13.2455 291
13.2959 293
13.3463 294
13.3968 295
13.4472 296
13.4976 296
13.5481 297
13.5985 298
13.6489 298
13.6994 299
13.7498 299
13.8002 300
13.8507 300
13.9011 300
13.9515 307
14.0019 312
14.0524 317
14.1028 322
14.1532 326
14.2037 329
14.2541 332
14.3045 335
14.355 337
14.4054 339
14.4558 340
14.5063 342
14.5567 343
14.6071 344
14.6576 345
14.708 346
14.7584 347
14.8089 348
14.8593 348
14.9097 349
14.9602 349
15.0106 350
15.061 350
15.1115 350
15.1619 351
15.2123 351
15.2627 351
15.3132 351
15.3636 351
15.414 352
15.4645 358
15.5149 364
15.5653 369
15.6158 373
15.6662 377
15.7166 380
15.7671 383
15.8175 385
15.8679 387
15.9184 389
15.9688 391
16.0192 393
16.0697 394
16.1201 395
16.1705 396
16.221 397
16.2714 398
16.3218 398
16.3723 399
16.4227 399
16.4731 400
16.5235 400
16.574 400
16.6244 401
16.6748 401
16.7253 401
16.7757 402
16.8261 402
16.8766 402
16.927 402
16.9774 402
17.0279 402
17.0783 402
17.1287 402
17.1792 409
17.2296 414
17.28 419
17.3305 424
17.3809 427
17.4313 430
17.4818 433
17.5322 436
17.5826 438
17.6331 440
17.6835 442
17.7339 443
17.7843 444
17.8348 445
17.8852 446
17.9356 447
17.9861 448
18.0365 449
18.0869 449
18.1374 450
18.1878 450
18.2382 451
18.2887 451
18.3391 451
18.3895 452
18.44 452
18.4904 452
18.5408 452
18.5913 452
18.6417 452
18.6921 453
18.7426 453
18.793 453
18.8434 453
18.8939 453
18.9443 453
18.9947 453
19.0451 459
19.0956 465
19.146 470
19.1964 474
19.2469 478
19.2973 481
19.3477 484
19.3982 486
19.4486 489
19.499 491
19.5495 492
19.5999 494
19.6503 495
19.7008 496
19.7512 497
19.8016 498
19.8521 499
19.9025 499
19.9529 500
20.0034 500
20.0538 501
20.1042 501
20.1547 501
20.2051 502
20.2555 502
20.3059 502
20.3564 502
20.4068 503
20.4572 503
20.5077 503
20.5581 503
20.6085 503
20.659 503
20.7094 503
20.7598 503
20.8103 503
20.8607 503
20.9111 504
20.9616 504
21.012 504
21.0624 504
21.1129 504
21.1633 504
21.2137 510
21.2642 516
21.3146 520
21.365 525
21.4155 528
21.4659 532
21.5163 534
21.5667 537
21.6172 539
21.6676 541
21.718 543
21.7685 544
21.8189 545
21.8693 547
21.9198 547
21.9702 548
22.0206 549
22.0711 550
22.1215 550
22.1719 551
22.2224 551
22.2728 551
22.3232 552
22.3737 552
22.4241 552
22.4745 553
22.525 553
22.5754 553
22.6258 553
22.6763 553
22.7267 553
22.7771 554
22.8275 554
22.878 554
22.9284 554
22.9788 554
23.0293 554
23.0797 554
23.1301 554
23.1806 554
23.231 554
23.2814 554
23.3319 554
23.3823 554
23.4327 554
23.4832 554
23.5336 560
23.584 566
23.6345 571
23.6849 575
23.7353 579
23.7858 582
23.8362 585
23.8866 587
23.9371 590
23.9875 591
24.0379 593
24.0883 594
24.1388 596
24.1892 597
24.2396 598
24.2901 599
24.3405 599
24.3909 600
24.4414 601
24.4918 601
24.5422 602
24.5927 602
24.6431 602
24.6935 603
24.744 603
24.7944 603
24.8448 603
24.8953 603
24.9457 604
24.9961 604
25.0466 604
25.097 604
25.1474 604
25.1979 604
25.2483 604
25.2987 604
25.3491 604
25.3996 604
25.45 605
25.5004 605
25.5509 605
25.6013 605
25.6517 605
25.7022 605
25.7526 605
25.803 605
25.8535 605
25.9039 605
25.9543 605
26.0048 605
26.0552 605
26.1056 605
26.1561 605
26.2065 605
26.2569 605
26.3074 605
26.3578 605
26.4082 605
26.4587 605
27.3412 560
27.3916 528
27.4421 506
27.4925 493
27.5429 488
27.5934 459
27.6438 433
27.6942 410
27.7447 390
27.7951 373
27.8455 358
27.896 345
27.9464 333
27.9968 323
28.0473 314
28.0977 312
28.1481 311
28.1986 310
28.249 309
28.2994 308
28.3499 307
28.4003 307
28.4507 306
28.5011 306
28.5516 305
28.602 305
28.6524 305
28.7029 304
28.7533 304
28.8037 304
28.8542 304
28.9046 303
28.955 303
29.0055 303
29.0559 303
29.1063 303
29.1568 303
29.2072 303
29.2576 303
29.3081 303
29.3585 309
29.4089 314
29.4594 319
29.5098 323
29.5602 327
29.6107 330
29.6611 333
29.7115 335
29.7619 337
29.8124 339
29.8628 341
29.9132 342
29.9637 344
30.0141 345
30.0645 346
30.115 347
30.1654 347
30.2158 348
30.2663 349
30.3167 349
30.3671 349
30.4176 350
30.468 350
30.5184 350
30.5689 351
30.6193 351
30.6697 351
30.7202 351
30.7706 351
30.821 352
30.8715 358
30.9219 364
30.9723 369
31.0227 373
31.1236 377
31.174 380
31.2245 383
31.2749 385
31.3253 388
31.3758 389
31.4262 391
31.4766 386
31.5271 388
31.5775 390
31.6279 392
31.6784 393
31.7288 394
31.7792 396
31.8297 396
31.8801 397
31.9305 398
31.981 399
32.0314 399
32.0818 400
32.1323 400
32.1827 400
32.2331 401
32.2835 401
32.334 401
32.3844 401
32.4348 402
32.4853 402
32.5357 402
32.5861 402
32.6366 409
32.687 414
32.7374 419
32.7879 423
32.8383 427
32.8887 430
32.9392 433
32.9896 436
33.04 438
33.0905 440
33.1409 442
33.1913 443
33.2418 444
33.2922 445
33.3426 446
33.3931 447
33.4435 448
33.4939 449
33.5443 449
33.5948 450
33.6452 450
33.6956 451
33.7461 451
33.7965 451
33.8469 451
33.8974 452
33.9478 452
33.9982 452
34.0487 452
34.0991 452
34.1495 453
34.2 453
34.2504 453
34.3008 453
34.3513 453
34.4017 453
34.4521 453
34.5026 459
34.553 465
34.6034 470
34.6539 474
34.7043 478
34.7547 481
34.8051 484
34.8556 486
34.906 489
34.9564 490
35.0069 492
35.0573 494
35.1077 495
35.1582 496
35.2086 497
35.259 498
35.3095 499
35.3599 499
35.4103 500
35.4608 500
35.5112 501
35.5616 501
35.6121 502
35.6625 502
35.7129 502
35.7634 502
35.8138 502
35.8642 503
35.9147 503
35.9651 503
36.0155 503
36.0659 503
36.1164 503
36.1668 503
36.2172 503
36.2677 503
36.3181 504
36.3685 504
36.419 504
36.4694 504
36.5198 504
36.5703 504
36.6207 504
36.6711 510
36.7216 516
36.772 520
36.8224 525
36.8729 528
36.9233 531
36.9737 534
37.0242 537
37.0746 539
37.125 541
37.1755 543
37.2259 544
37.2763 545
37.3267 546
37.3772 547
37.4276 548
37.478 549
37.5285 550
37.5789 550
37.6293 551
37.6798 551
37.7302 552
37.7806 552
37.8311 552
37.8815 553
37.9319 553
37.9824 553
38.0328 553
38.0832 553
38.1337 553
38.1841 553
38.2345 554
38.285 554
38.3354 554
38.3858 554
38.4363 554
38.4867 554
38.5371 554
38.5875 554
38.638 554
38.6884 554
38.7388 554
38.7893 554
38.8397 554
38.8901 554
38.9406 554
38.991 561
39.0414 566
39.0919 571
39.1423 575
39.1927 579
39.2432 582
39.2936 585
39.344 587
39.3945 590
39.4449 591
39.4953 593
39.5458 595
39.5962 596
39.6466 597
39.6971 598
39.7475 599
39.7979 599
39.8483 600
39.8988 601
39.9492 601
39.9996 602
40.0501 602
40.1005 602
40.1509 603
40.2014 603
40.2518 603
40.3022 603
40.3527 603
40.4031 604
40.4535 604
40.504 604
40.5544 604
40.6048 604
40.6553 604
40.7057 604
40.7561 604
40.8066 604
40.857 604
40.9074 604
40.9579 604
41.0083 604
41.0587 604
41.1091 605
41.1596 605
41.21 605
41.2604 605
41.3109 605
41.3613 605
41.4117 605
41.4622 605
41.5126 605
41.563 605
41.6135 605
41.6639 605
41.7143 605
41.7648 605
41.8152 605
41.8656 605
41.9161 605
41.9665 605
42.0169 605
42.0674 605
42.1178 605
42.1682 605
42.2187 605
42.2691 605
42.3195 605
42.3699 605
42.4204 605
42.4708 605
42.5212 605
42.5717 605
42.6221 605
42.6725 605
42.723 605
42.7734 605
42.8238 605
42.8743 605
42.9247 605
42.9751 605
43.8577 561
43.9081 528
43.9586 506
44.009 493
44.0594 488
44.1099 459
44.1603 433
44.2107 410
44.2611 390
44.3116 373
44.362 358
44.4124 345
44.4629 333
44.5133 323
44.5637 314
44.6142 313
44.6646 311
44.715 310
44.7655 309
44.8159 308
44.8663 307
44.9168 307
44.9672 306
45.0176 306
45.0681 305
45.1185 305
45.1689 304
45.2194 304
45.2698 304
45.3202 304
45.3707 303
45.4211 303
45.4715 303
45.5219 303
45.5724 303
45.6228 303
45.6732 303
45.7237 303
45.7741 303
45.8245 303
45.875 309
45.9254 314
45.9758 319
46.0263 323
46.0767 327
46.1271 330
46.1776 333
46.228 335
46.2784 337
46.3289 339
46.3793 341
46.4297 342
46.4802 344
46.5306 345
46.581 346
46.6315 347
46.6819 347
46.7323 348
46.7827 349
46.8332 349
46.8836 350
46.934 350
46.9845 350
47.0349 351
47.0853 351
47.1358 351
47.1862 351
47.2366 351
47.2871 351
47.3375 352
47.3879 358
47.4384 364
47.4888 369
47.5392 373
47.5897 377
47.6401 380
47.6905 383
47.741 385
47.7914 388
47.8418 389
47.8923 391
47.9427 393
47.9931 394
48.0435 395
48.094 396
48.1444 397
48.1948 398
48.2453 398
48.2957 399
48.3461 399
48.3966 400
48.447 400
48.4974 401
48.5479 401
48.5983 401
48.6487 401
48.6992 402
48.7496 402
48.8 402
48.8505 402
48.9009 402
48.9513 402
49.0018 402
49.0522 402
49.1026 409
49.1531 414
49.2035 419
49.2539 423
49.3043 427
49.3548 430
49.4052 433
49.4556 436
49.5061 438
49.5565 440
49.6069 442
49.6574 443
49.7078 444
49.7582 446
49.8087 447
49.8591 447
49.9095 448
49.96 449
50.0104 449
50.0608 450
50.1113 450
50.1617 451
50.2121 451
50.2626 451
50.313 451
50.3634 452
50.4139 452
50.4643 452
50.5147 452
50.5651 452
50.6156 453
50.666 453
50.7164 453
50.7669 453
50.8173 453
50.8677 453
50.9182 453
50.9686 459
51.019 465
51.0695 470
51.1199 474
51.1703 478
51.2208 481
51.2712 484
51.3216 486
51.3721 489
51.4225 490
51.4729 492
51.5234 494
51.5738 495
51.6242 496
51.6747 497
51.7251 498
51.7755 499
51.8259 499
51.8764 500
51.9268 500
51.9772 501
52.0277 501
52.0781 502
52.1285 502
52.179 502
52.2294 502
52.2798 502
52.3303 503
52.3807 503
52.4311 503
52.4816 503
52.532 503
52.5824 503
52.6329 503
52.6833 503
52.7337 503
52.7842 504
52.8346 504
52.885 504
52.9355 504
52.9859 504
53.0363 504
53.0867 504
53.1372 510
53.1876 516
53.238 520
53.2885 525
53.3389 528
53.3893 532
53.4398 534
53.4902 537
53.5406 539
53.5911 541
53.6415 543
53.6919 544
53.7424 545
53.7928 546
53.8432 547
53.8937 548
53.9441 549
53.9945 550
54.045 550
54.0954 551
54.1458 551
54.1963 552
54.2467 552
54.2971 552
54.3475 552
54.398 553
54.4484 553
54.4988 553
54.5493 553
54.5997 553
54.6501 553
54.7006 554
54.751 554
54.8014 554
54.8519 554
54.9023 554
54.9527 554
55.0032 554
55.0536 554
55.104 554
55.1545 554
55.2049 554
55.2553 554
55.3058 554
55.3562 554
55.4066 554
55.4571 561
55.5075 566
55.5579 571
55.6083 575
55.6588 579
55.7092 582
55.7596 585
55.8101 587
55.8605 590
55.9109 591
55.9614 593
56.0118 594
56.0622 596
56.1127 597
56.1631 598
56.2135 599
56.264 599
56.3144 600
56.3648 601
56.4153 601
56.4657 602
56.5161 602
56.5666 602
56.617 603
56.6674 603
56.7179 603
56.7683 603
56.8187 603
56.8691 604
56.9196 604
56.97 604
57.0204 604
57.0709 604
57.1213 604
57.1717 604
57.2222 604
57.2726 604
57.323 605
57.3735 605
57.4239 605
57.4743 605
57.5248 605
57.5752 605
57.6256 605
57.6761 605
57.7265 605
57.7769 605
57.8274 605
57.8778 605
57.9282 605
57.9787 605
58.0291 605
58.0795 605
58.1299 605
58.1804 605
58.2308 605
58.2812 605
58.3317 605
58.3821 605
58.4325 605
58.483 605
58.5334 605
58.5838 605
58.6343 605
58.6847 605
58.7351 605
58.7856 605
58.836 605
58.8864 605
58.9369 605
58.9873 605
59.0377 605
59.0882 605
59.1386 605
59.189 605
59.2395 605
59.2899 605
59.3403 605
59.3907 605
59.4412 605
59.4916 605
59.542 605
59.5925 605
59.6429 605
59.6933 605
59.7438 605
59.7942 605
59.8446 605
59.8951 605
59.9455 605
59.9959 605
60.0464 605
60.0968 605
60.1472 605
60.1977 605
60.2481 605
60.2985 605
60.349 605
60.3994 605
60.4498 605
60.5003 605
60.5507 605
60.6011 605
60.6515 605
60.702 605
60.7524 605
60.8028 605
60.8533 605
60.9037 605
60.9541 605
61.0046 605
61.055 605
61.1054 605
61.1559 605
61.2063 605
61.2567 605
61.3072 605
61.3576 605
61.408 605
61.4585 605
61.5089 605
61.5593 605
61.6098 605
61.6602 605
61.7106 605
61.7611 605
61.8115 605
61.8619 605
61.9123 605
61.9628 605
62.0132 605
62.0636 605
62.1141 605
62.1645 605
62.2149 605
62.2654 605
62.3158 605
62.3662 605
62.4167 605
62.4671 605
62.5175 605
62.568 605
62.6184 605
62.6688 605
62.7193 605
63.6018 560
63.6523 528
63.7027 506
63.7531 493
63.8035 488
63.854 459
63.9044 433
63.9548 410
64.0053 390
64.0557 373
64.1061 358
64.1566 345
64.207 333
64.2574 323
64.3079 314
64.3583 313
64.4087 311
64.4592 310
64.5096 309
64.56 308
64.6105 307
64.6609 307
64.7113 306
64.7618 306
64.8122 305
64.8626 305
64.9131 304
64.9635 304
65.0139 304
65.0643 304
65.1148 303
65.1652 303
65.2156 303
65.2661 303
65.3165 303
65.3669 303
65.4174 303
65.4678 303
65.5182 303
65.5687 302
65.6191 309
65.6695 314
65.72 319
65.7704 323
65.8208 327
65.8713 330
65.9217 333
65.9721 335
66.0226 337
66.073 339
66.1234 341
66.1739 342
66.2243 344
66.2747 345
66.3251 346
66.3756 347
66.426 347
66.4764 348
66.5269 349
66.5773 349
66.6277 350
66.6782 350
66.7286 350
66.779 351
66.8295 351
66.8799 351
66.9303 351
66.9808 351
67.0312 351
67.0816 352
67.1321 358
67.1825 364
67.2329 369
67.2834 373
67.3338 377
67.3842 380
67.4347 383
67.4851 385
67.5355 387
67.5859 389
67.6364 391
67.6868 393
67.7372 394
67.7877 395
67.8381 396
67.8885 397
67.939 398
67.9894 398
68.0398 399
68.0903 399
68.1407 400
68.1911 400
68.2416 401
68.292 401
68.3424 401
68.3929 401
68.4433 402
68.4937 402
68.5442 402
68.5946 402
68.645 402
68.6955 402
68.7459 402
68.7963 403
68.8467 409
68.8972 414
68.9476 419
68.998 424
69.0485 427
69.0989 430
69.1493 433
69.1998 436
69.2502 438
69.3006 440
69.3511 442
69.4015 443
69.4519 444
69.5024 445
69.5528 446
69.6032 447
69.6537 448
69.7041 449
69.7545 449
69.805 450
69.8554 450
69.9058 451
69.9563 451
70.0067 451
70.0571 452
70.1075 452
70.158 452
70.2084 452
70.2588 452
70.3093 452
70.3597 453
70.4101 453
70.4606 453
70.511 453
70.5614 453
70.6119 453
70.6623 453
70.7127 459
70.7632 465
70.8136 470
70.864 474
70.9145 478
70.9649 481
71.0153 484
71.0658 486
71.1162 489
71.1666 490
71.2171 492
71.2675 494
71.3179 495
71.3683 496
71.4188 497
71.4692 498
71.5196 499
71.5701 499
71.6205 500
71.6709 500
71.7214 501
71.7718 501
71.8222 501
71.8727 502
71.9231 502
71.9735 502
72.024 502
72.0744 503
72.1248 503
72.1753 503
72.2257 503
72.2761 503
72.3266 503
72.377 503
72.4274 503
72.4779 503
72.5283 503
72.5787 503
72.6291 504
72.6796 504
72.73 504
72.7804 504
72.8309 504
72.8813 510
72.9317 516
72.9822 520
73.0326 525
73.083 528
73.1335 532
73.1839 534
73.2343 537
73.2848 539
73.3352 541
73.3856 543
73.4361 544
73.4865 545
73.5369 546
73.5874 547
73.6378 548
73.6882 549
73.7387 550
73.7891 550
73.8395 551
73.8899 551
73.9404 552
73.9908 552
74.0412 552
74.0917 552
74.1421 553
74.1925 553
74.243 553
74.2934 553
74.3438 553
74.3943 553
74.4447 554
74.4951 554
74.5456 554
74.596 554
74.6464 554
74.6969 554
74.7473 554
74.7977 554
74.8482 554
74.8986 554
74.949 554
74.9995 554
75.0499 554
75.1003 554
75.1507 554
75.2012 561
75.2516 566
75.302 571
75.3525 575
75.4029 579
75.4533 582
75.5038 585
75.5542 587
75.6046 589
75.6551 591
75.7055 593
75.7559 595
75.8064 596
75.8568 597
75.9072 598
75.9577 599
76.0081 600
76.0585 600
76.109 601
76.1594 601
76.2098 602
76.2603 602
76.3107 602
76.3611 603
76.4115 603
76.462 603
76.5124 603
76.5628 603
76.6133 604
76.6637 604
76.7141 604
76.7646 604
76.815 604
76.8654 604
76.9159 604
76.9663 604
77.0167 604
77.0672 604
77.1176 604
77.168 605
77.2185 605
77.2689 605
77.3193 605
77.3698 605
77.4202 605
77.4706 605
77.5211 605
77.5715 605
77.6219 605
77.6723 605
77.7228 605
77.7732 605
77.8236 605
77.8741 605
77.9245 605
77.9749 605
78.0254 605
78.0758 605
78.1262 605
78.1767 605
78.2271 605
78.2775 605
78.328 605
78.3784 605
78.4288 605
78.4793 605
78.5297 605
78.5801 605
78.6306 605
78.681 605
78.7314 605
78.7819 605
78.8323 605
78.8827 605
78.9331 605
78.9836 605
79.034 605
79.0844 605
79.1349 605
79.1853 605
79.2357 605
79.2862 605
79.3366 605
79.387 605
79.4375 605
79.4879 605
79.5383 605
79.5888 605
79.6392 605
79.6896 605
79.7401 605
79.7905 605
79.8409 605
79.8914 605
79.9418 605
79.9922 605
80.0427 605
80.0931 605
80.1435 605
80.1939 605
80.2444 605
80.2948 605
80.3452 605
80.3957 605
80.4461 605
80.4965 605
80.547 605
80.5974 605
80.6478 605
80.6983 605
80.7487 605
80.7991 605
80.8496 605
80.9 605
80.9504 605
81.0009 605
81.0513 605
81.1017 605
81.1522 605
81.2026 605
81.253 605
81.3035 605
81.3539 605
81.4043 605
81.4547 605
81.5052 605
81.5556 605
81.606 605
81.6565 605
81.7069 605
81.7573 605
81.8078 605
81.8582 605
81.9086 605
81.9591 605
82.0095 605
82.0599 605
82.1104 605
82.1608 605
82.2112 605
82.2617 605
82.3121 605
82.3625 605
82.413 605
82.4634 605
82.5138 605
82.5643 605
82.6147 605
82.6651 605
82.7155 605
82.766 605
82.8164 605
82.8668 605
82.9173 605
82.9677 605
83.0181 605
83.0686 605
83.119 605
83.1694 605
83.2199 605
83.2703 605
83.3207 605
83.3712 605
83.4216 605
83.472 605
83.5225 605
83.5729 605
83.6233 605
83.6738 605
83.7242 605
83.7746 605
83.8251 605
83.8755 605
83.9259 605
83.9763 605
84.0268 605
84.0772 605
84.1276 605
84.1781 605
84.2285 605
84.2789 605
84.3294 605
84.3798 605
84.4302 605
84.4807 605
84.5311 605
84.5815 605
84.632 605
84.6824 605
84.7328 605
84.7833 605
84.8337 605
84.8841 605
84.9346 605
84.985 605
85.0354 605
85.0859 605
85.1363 605
85.1867 605
85.2371 605
85.2876 605
85.338 605
85.3884 605
85.4389 605
85.4893 605
85.5397 605
85.5902 605
85.6406 605
85.691 605
85.7415 605
85.7919 605
85.8423 605
85.8928 605
85.9432 605
85.9936 605
86.0441 605
86.0945 605
86.1449 605
86.1954 605
86.2458 605
86.2962 605
86.3467 605
86.3971 605
86.4475 605
86.4979 605
86.5484 605
86.5988 605
86.6492 605
86.6997 605
86.7501 605
86.8005 605
86.851 605
86.9014 605
86.9518 605
87.0023 605
87.0527 605
87.1031 605
87.1536 605
87.204 605
87.2544 605
87.3049 605
87.3553 605
87.4057 605
87.4562 605
87.5066 605
87.557 605
87.6075 605
87.6579 605
87.7083 605
87.7587 605
87.8092 605
87.8596 605
87.91 605
87.9605 605
88.0109 605
88.0613 605
88.1118 605
88.1622 605
88.2126 605
88.2631 605
88.3135 605
88.3639 605
88.4144 605
88.4648 605
88.5152 605
88.5657 605
88.6161 605
88.6665 605
88.717 605
88.7674 605
88.8178 605
88.8683 605
88.9187 605
88.9691 605
89.0195 605
89.07 605
89.1204 605
89.1708 605
89.2213 605
89.2717 605
89.3221 605
89.3726 605
89.423 605
89.4734 605
89.5239 605
89.5743 605
89.6247 605
89.6752 605
89.7256 605
89.776 605
89.8265 605
89.8769 605
89.9273 605
89.9778 605
90.0282 605
90.0786 605
90.1291 605
90.1795 605
90.2299 605
90.2803 605
90.3308 605
90.3812 605
90.4316 605
90.4821 605
90.5325 605
90.5829 605
90.6334 605
90.6838 605
90.7342 605
90.7847 605
90.8351 605
90.8855 605
90.936 605
90.9864 605
91.0368 605
91.0873 605
91.1377 605
91.1881 605
91.2386 605
91.289 605
91.3394 605
91.3899 605
91.4403 605
91.4907 605
91.5411 605
91.5916 605
91.642 605
91.6924 605
91.7429 605
91.7933 605
91.8437 605
91.8942 605
91.9446 605
91.995 605
92.0455 605
92.0959 605
92.1463 605
92.1968 605
92.2472 605
92.2976 605
92.3481 605
92.3985 605
92.4489 605
92.4994 605
92.5498 605
92.6002 605
92.6507 605
92.7011 605
92.7515 605
92.8019 605
92.8524 605
92.9028 605
92.9532 605
93.0037 605
93.0541 605
93.1045 605
93.155 605
93.2054 605
93.2558 605
93.3063 605
93.3567 605
93.4071 605
93.4576 605
93.508 605
93.5584 605
93.6089 605
93.6593 605
93.7097 605
93.7602 605
93.8106 605
93.861 605
93.9115 605
93.9619 605
94.0123 605
94.0627 605
94.1132 605
94.1636 605
94.214 605
94.2645 605
94.3149 605
94.3653 605
94.4158 605
94.4662 605
94.5166 605
94.5671 605
94.6175 605
94.6679 605
94.7184 605
94.7688 605
94.8192 605
94.8697 605
94.9201 605
94.9705 605
95.021 605
95.0714 605
95.1218 605
95.1723 605
95.2227 605
95.2731 605
95.3235 605
95.374 605
95.4244 605
95.4748 605
95.5253 605
95.5757 605
95.6261 605
95.6766 605
95.727 605
95.7774 605
95.8279 605
95.8783 605
95.9287 605
95.9792 605
96.0296 605
96.08 605
96.1305 605
96.1809 605
96.2313 605
96.2818 605
96.3322 605
96.3826 605
96.4331 605
96.4835 605
96.5339 605
96.5843 605
96.6348 605
96.6852 605
96.7356 605
96.7861 605
96.8365 605
96.8869 605
96.9374 605
96.9878 605
97.0382 605
97.0887 605
97.1391 605
97.1895 605
97.24 605
97.2904 605
97.3408 605
97.3913 605
97.4417 605
97.4921 605
97.5426 605
97.593 605
97.6434 605
97.6939 605
97.7443 605
97.7947 605
97.8451 605
97.8956 605
97.946 605
97.9964 605
98.0469 605
98.0973 605
98.1477 605
98.1982 605
98.2486 605
98.299 605
98.3495 605
98.3999 605
98.4503 605
98.5008 605
98.5512 605
98.6016 605
98.6521 605
98.7025 605
98.7529 605
98.8034 605
98.8538 605
98.9042 605
98.9547 605
99.0051 605
99.0555 605
99.1059 605
99.1564 605
99.2068 605
99.2572 605
99.3077 605
99.3581 605
99.4085 605
99.459 605
99.5094 605
99.5598 605
99.6103 605
99.6607 605
99.7111 605
99.7616 605
99.812 605
99.8624 605
99.9129 605
99.9633 605
100.014 605
100.064 605
100.115 605
100.165 605
100.215 605
100.266 605
100.316 605
100.367 605
100.417 605
100.468 605
100.518 605
100.568 605
100.619 605
100.669 605
100.72 605
100.77 605
100.821 605
100.871 605
100.921 605
100.972 605
101.022 605
101.073 605
101.123 605
101.174 605
101.224 605
101.275 605
101.325 605
101.375 605
101.426 605
101.476 605
101.527 605
101.577 605
101.628 605
101.678 605
101.728 605
101.779 605
101.829 605
101.88 605
101.93 605
101.981 605
102.031 605
102.081 605
102.132 605
102.182 605
102.233 605
102.283 605
102.334 605
102.384 605
102.434 605
102.485 605
102.535 605
102.586 605
102.636 605
102.687 605
102.737 605
102.787 605
102.838 605
102.888 605
102.939 605
102.989 605
103.04 605
103.09 605
103.141 605
103.191 605
103.241 605
103.292 605
103.342 605
103.393 605
103.443 605
103.494 605
103.544 605
103.594 605
103.645 605
103.695 605
103.746 605
103.796 605
103.847 605
103.897 605
103.947 605
103.998 605
104.048 605
104.099 605
104.149 605
104.2 605
104.25 605
104.3 605
104.351 605
104.401 605
104.452 605
104.502 605
104.553 605
104.603 605
104.653 605
104.704 605
104.754 605
104.805 605
104.855 605
104.906 605
104.956 605
105.006 605
105.057 605
105.107 605
105.158 605
105.208 605
105.259 605
105.309 605
105.36 605
105.41 605
105.46 605
105.511 605
105.561 605
105.612 605
105.662 605
105.713 605
105.763 605
105.813 605
105.864 605
105.914 605
105.965 605
106.015 605
106.066 605
106.116 605
106.166 605
106.217 605
106.267 605
106.318 605
106.368 605
106.419 605
106.469 605
106.519 605
106.57 605
106.62 605
106.671 605
106.721 605
106.772 605
106.822 605
106.872 605
106.923 605
106.973 605
107.024 605
107.074 605
107.125 605
107.175 605
107.225 605
107.276 605
107.326 605
107.377 605
107.427 605
107.478 605
107.528 605
107.579 605
107.629 605
107.679 605
107.73 605
107.78 605
107.831 605
107.881 605
107.932 605
107.982 605
108.032 605
108.083 605
108.133 605
108.184 605
108.234 605
108.285 605
108.335 605
108.385 605
108.436 605
108.486 605
108.537 605
108.587 605
108.638 605
108.688 605
108.738 605
108.789 605
108.839 605
108.89 605
108.94 605
108.991 605
109.041 605
109.091 605
109.142 605
109.192 605
109.243 605
109.293 605
109.344 605
109.394 605
109.445 605
109.495 605
109.545 605
109.596 605
109.646 605
109.697 605
109.747 605
109.798 605
109.848 605
109.898 605
109.949 605
109.999 605
110.05 605
110.1 605
110.151 605
110.201 605
110.251 605
110.302 605
110.352 605
110.403 605
110.453 605
110.504 605
110.554 605
110.604 605
110.655 605
110.705 605
110.756 605
110.806 605
110.857 605
110.907 605
110.957 605
111.008 605
111.058 605
111.109 605
111.159 605
111.21 605
111.26 605
111.31 605
111.361 605
111.411 605
111.462 605
111.512 605
111.563 605
111.613 605
111.664 605
111.714 605
111.764 605
111.815 605
111.865 605
111.916 605
111.966 605
112.017 605
112.067 605
112.117 605
112.168 605
112.218 605
112.269 605
112.319 605
112.37 605
112.42 605
112.47 605
112.521 605
112.571 605
112.622 605
112.672 605
112.723 605
112.773 605
112.823 605
112.874 605
112.924 605
112.975 605
113.025 605
113.076 605
113.126 605
113.176 605
113.227 605
113.277 605
113.328 605
113.378 605
113.429 605
113.479 605
113.529 605
113.58 605
113.63 605
113.681 605
113.731 605
113.782 605
113.832 605
113.883 605
113.933 605
113.983 605
114.034 605
114.084 605
114.135 605
114.185 605
114.236 605
114.286 605
114.336 605
114.387 605
114.437 605
114.488 605
114.538 605
114.589 605
114.639 605
114.689 605
114.74 605
114.79 605
114.841 605
114.891 605
114.942 605
114.992 605
115.042 605
115.093 605
115.143 605
115.194 605
115.244 605
115.295 605
115.345 605
115.395 605
115.446 605
115.496 605
115.547 605
115.597 605
115.648 605
115.698 605
115.749 605
115.799 605
115.849 605
115.9 605
115.95 605
116.001 605
116.051 605
116.128 608
116.908 563
116.959 527
117.009 502
117.06 487
117.11 480
117.161 451
117.211 426
117.261 404
117.312 385
117.362 369
117.413 354
117.463 341
117.514 330
117.564 320
117.614 312
117.665 304
117.715 298
117.766 292
117.816 287
117.867 282
117.917 285
117.968 287
118.018 289
118.068 291
118.119 292
118.169 293
118.22 294
118.27 295
118.321 296
118.371 297
118.421 298
118.472 298
118.522 299
118.573 299
118.623 299
118.674 300
118.724 300
118.774 300
118.825 300
118.875 301
118.926 301
118.976 301
119.027 301
119.077 301
119.127 302
119.178 308
119.228 313
119.279 318
119.329 323
119.38 326
119.43 330
119.48 332
119.531 335
119.581 337
119.632 339
119.682 341
119.733 342
119.783 344
119.834 345
119.884 346
119.934 346
119.985 347
120.035 348
120.086 348
120.136 349
120.187 349
120.237 350
120.287 350
120.338 350
120.388 351
120.439 351
120.489 351
120.54 351
120.59 351
120.64 352
120.691 358
120.741 364
120.792 368
120.842 373
120.893 377
120.943 380
120.993 383
121.044 385
121.094 388
121.145 389
121.195 391
121.246 393
121.296 394
121.346 395
121.397 396
121.447 397
121.498 398
121.548 398
121.599 399
121.649 399
121.699 400
121.75 400
121.8 401
121.851 401
121.901 401
121.952 401
122.002 402
122.053 402
122.103 402
122.153 402
122.204 402
122.254 402
122.305 402
122.355 402
122.406 409
122.456 414
122.506 419
122.557 423
122.607 427
122.658 431
122.708 433
122.759 436
122.809 438
122.859 440
122.91 442
122.96 443
123.011 444
123.061 446
123.112 447
123.162 447
123.212 448
123.263 449
123.313 449
123.364 450
123.414 450
123.465 451
123.515 451
123.565 451
123.616 452
123.666 452
123.717 452
123.767 452
123.818 452
123.868 452
123.918 453
123.969 453
124.019 453
124.07 453
124.12 453
124.171 453
124.221 453
124.272 459
124.322 465
124.372 470
124.423 474
124.473 478
124.524 481
124.574 484
124.625 486
124.675 488
124.725 490
124.776 492
124.826 494
124.877 495
124.927 496
124.978 497
125.028 498
125.078 498
125.129 499
125.179 500
125.23 500
125.28 501
125.331 501
125.381 502
125.431 502
125.482 502
125.532 502
125.583 502
125.633 503
125.684 503
125.734 503
125.784 503
125.835 503
125.885 503
125.936 503
125.986 503
126.037 503
126.087 504
126.138 504
126.188 504
126.238 504
126.289 504
126.339 504
126.39 504
126.44 510
126.491 516
126.541 520
126.591 525
126.642 528
126.692 531
126.743 534
126.793 537
126.844 539
126.894 541
126.944 543
126.995 544
127.045 545
127.096 546
127.146 547
127.197 548
127.247 549
127.297 550
127.348 550
127.398 551
127.449 551
127.499 552
127.55 552
127.6 552
127.65 553
127.701 553
127.751 553
127.802 553
127.852 553
127.903 553
127.953 553
128.003 554
128.054 554
128.104 554
128.155 554
128.205 554
128.256 554
128.306 554
128.357 554
128.407 554
128.457 554
128.508 554
128.558 554
128.609 554
128.659 554
128.71 554
128.76 560
128.81 566
128.861 571
128.911 575
128.962 579
129.012 582
129.063 585
129.113 587
129.163 589
129.214 591
129.264 593
129.315 594
129.365 596
129.416 597
129.466 598
129.516 599
129.567 599
129.617 600
129.668 601
129.718 601
129.769 602
129.819 602
129.869 602
129.92 603
129.97 603
130.021 603
130.071 603
130.122 603
130.172 604
130.222 604
130.273 604
130.323 604
130.374 604
130.424 604
130.475 604
130.525 604
130.576 604
130.626 604
130.676 604
130.727 604
130.777 604
130.828 604
130.878 605
130.929 605
130.979 605
131.029 605
131.08 605
131.13 605
131.181 605
131.231 605
131.282 605
131.332 605
131.382 605
131.433 605
131.483 605
131.534 605
131.584 605
131.635 605
131.685 605
131.735 605
131.786 605
131.836 605
131.887 605
131.937 605
131.988 605
132.038 605
132.088 605
132.139 605
132.189 605
132.24 605
132.29 605
132.341 605
132.391 605
132.441 605
132.492 605
132.542 605
132.593 605
132.643 605
132.694 605
132.744 605
132.795 605
132.845 605
132.895 605
132.946 605
132.996 605
133.047 605
133.097 605
133.148 605
133.198 605
133.248 605
133.299 605
133.349 605
133.4 605
133.45 605
133.501 605
133.551 605
133.601 605
133.652 605
133.702 605
133.753 605
133.803 605
133.854 605
133.904 605
133.954 605
134.005 605
134.055 605
134.106 605
134.156 605
134.207 605
134.257 605
134.307 605
134.358 605
134.408 605
134.459 605
134.509 605
134.56 605
134.61 605
134.661 605
134.711 605
134.761 605
134.812 605
134.862 605
134.913 605
134.963 605
135.014 605
135.064 605
135.114 605
135.165 605
135.215 605
135.266 605
135.316 605
135.367 605
135.417 605
135.467 605
135.518 605
135.568 605
135.619 605
135.669 605
135.72 605
135.77 605
135.82 605
135.871 605
135.921 605
135.972 605
136.022 605
136.073 605
136.123 605
136.173 605
136.224 605
136.274 605
136.325 605
136.375 605
136.426 605
136.476 605
136.526 605
136.577 605
136.627 605
136.678 605
136.728 605
136.779 605
136.829 605
136.88 605
136.93 605
136.98 605
137.031 605
137.081 605
137.132 605
137.182 605
137.233 605
137.283 605
137.333 605
137.384 605
137.434 605
137.485 605
137.535 605
137.586 605
137.636 605
137.686 605
137.737 605
137.787 605
137.838 605
137.888 605
137.939 605
137.989 605
138.039 605
138.09 605
138.14 605
138.191 605
138.241 605
138.292 605
138.342 605
138.392 605
138.443 605
138.493 605
138.544 605
138.594 605
138.645 605
138.695 605
138.745 605
138.796 605
138.846 605
138.897 605
138.947 605
138.998 605
139.048 605
139.099 605
139.149 605
139.199 605
139.25 605
139.3 605
139.351 605
139.401 605
139.452 605
139.502 605
139.552 605
139.603 605
139.653 605
139.704 605
139.754 605
139.805 605
139.855 605
139.905 605
139.956 605
140.006 605
140.057 605
140.107 605
140.158 605
140.208 605
140.258 605
140.309 605
140.359 605
140.41 605
140.46 605
140.511 605
140.561 605
140.611 605
140.662 605
140.712 605
140.763 605
140.813 605
140.864 605
140.914 605
140.965 605
141.015 605
141.065 605
141.116 605
141.166 605
141.217 605
141.267 605
141.318 605
141.368 605
141.418 605
141.469 605
141.519 605
141.57 605
141.62 605
141.671 605
141.721 605
141.771 605
141.822 605
141.872 605
141.923 605
141.973 605
142.024 605
142.074 605
142.124 605
142.175 605
142.225 605
142.276 605
142.326 605
142.377 605
142.427 605
142.477 605
142.528 605
142.578 605
142.629 605
142.679 605
142.73 605
142.78 605
142.83 605
142.881 605
142.931 605
142.982 605
143.032 605
143.083 605
143.133 605
143.184 605
143.234 605
143.284 605
143.335 605
143.385 605
143.436 605
143.486 605
143.537 605
143.587 605
143.637 605
143.688 605
143.738 605
143.789 605
143.839 605
143.89 605
143.94 605
143.99 605
144.041 605
144.091 605
144.142 605
144.192 605
144.243 605
144.293 605
144.343 605
144.394 605
144.444 605
144.495 605
144.545 605
144.596 605
144.646 605
144.696 605
144.747 605
144.797 605
144.848 605
144.898 605
144.949 605
144.999 605
145.049 605
145.1 605
145.15 605
145.201 605
145.251 605
145.302 605
145.352 605
145.403 605
145.453 605
145.503 605
145.554 605
145.604 605
145.655 605
145.705 605
145.756 605
145.806 605
145.856 605
145.907 605
145.957 605
146.008 605
146.058 605
146.109 605
146.159 605
146.209 605
146.26 605
146.31 605
146.361 605
146.411 605
146.462 605
146.512 605
146.562 605
146.613 605
146.663 605
146.714 605
146.764 605
146.815 605
146.865 605
146.915 605
146.966 605
147.016 605
147.067 605
147.117 605
147.168 605
147.218 605
147.269 605
147.319 605
147.369 605
147.42 605
147.47 605
147.521 605
147.571 605
147.622 605
147.672 605
147.722 605
147.773 605
147.823 605
147.874 605
147.924 605
147.975 605
148.025 605
148.075 605
148.126 605
148.176 605
148.227 605
148.277 605
148.328 605
148.378 605
148.428 605
148.479 605
148.529 605
148.58 605
148.63 605
148.707 608
149.488 563
149.538 527
149.588 502
149.639 487
149.689 480
149.74 451
149.79 426
149.841 404
149.891 385
149.941 369
149.992 354
150.042 341
150.093 330
150.143 320
150.194 312
150.244 304
150.294 298
150.345 292
150.395 287
150.446 282
150.496 285
150.547 287
150.597 289
150.647 291
150.698 292
150.748 293
150.799 294
150.849 295
150.9 296
150.95 297
151 298
151.051 298
151.101 299
151.152 299
151.202 299
151.253 300
151.303 300
151.353 300
151.404 301
151.454 301
151.505 301
151.555 301
151.606 301
151.656 301
151.707 301
151.757 308
151.807 313
151.858 318
151.908 323
151.959 326
152.009 330
152.06 332
152.11 335
152.16 337
152.211 339
152.261 341
152.312 342
152.362 344
152.413 345
152.463 346
152.513 347
152.564 347
152.614 348
152.665 349
152.715 349
152.766 349
152.816 350
152.866 350
152.917 350
152.967 351
153.018 351
153.068 351
153.119 351
153.623 329
153.673 310
153.724 293
153.774 275
153.825 260
153.875 246
153.926 241
153.976 236
154.026 231
154.077 227
154.127 224
154.178 221
154.228 219
154.279 217
154.329 215
154.379 213
154.43 211
154.48 210
154.531 209
154.581 208
154.632 207
154.682 207
154.732 206
154.783 212
154.833 217
154.884 221
154.934 225
154.985 228
155.035 231
155.085 234
155.136 236
155.186 238
155.237 240
155.287 241
155.338 242
155.388 244
155.438 245
155.489 245
155.539 246
155.59 247
155.64 247
155.691 248
155.741 249
155.792 249
155.842 255
155.892 261
155.943 266
155.993 271
156.044 275
156.094 278
156.145 281
156.195 284
156.245 286
156.296 288
156.346 290
156.397 291
156.447 293
156.498 294
156.548 295
156.598 296
156.649 297
156.699 297
156.75 298
156.8 298
156.851 299
156.901 299
156.951 300
157.002 300
157.052 300
157.103 307
157.153 313
157.204 318
157.28 325
157.683 303
157.733 284
157.796 269
157.846 256
157.897 244
157.947 233
157.997 222
158.048 213
158.098 205
158.149 199
158.199 193
158.25 187
158.3 189
158.35 191
158.401 192
158.451 193
158.502 194
158.552 195
158.603 196
158.653 197
158.704 197
158.754 198
158.804 198
158.855 198
158.905 199
158.956 199
159.006 199
159.057 200
159.107 200
159.157 206
159.208 212
159.258 217
159.309 221
159.359 225
159.41 228
159.46 231
159.51 234
159.561 236
159.611 238
159.662 240
159.712 241
159.763 242
159.813 244
159.863 245
159.914 246
159.964 246
160.015 247
160.065 248
160.116 248
160.166 249
160.216 255
160.267 261
160.317 266
160.368 271
160.418 275
160.469 278
160.519 281
160.57 284
160.62 286
160.67 288
160.721 290
160.771 291
160.822 293
160.872 294
160.923 295
160.973 296
161.023 297
161.074 297
161.124 298
161.175 298
161.225 299
161.276 299
161.326 300
161.376 300
161.427 300
161.477 307
161.528 312
161.578 317
161.629 322
161.679 326
161.729 329
161.78 332
161.83 335
161.881 337
161.931 339
161.982 341
162.032 342
162.082 343
162.133 344
162.183 345
162.234 346
162.284 347
162.335 348
162.385 348
162.435 349
162.486 349
162.536 350
162.587 350
162.637 350
162.688 351
162.738 351
162.789 351
162.839 351
162.889 351
162.94 352
162.99 358
163.041 364
163.545 340
163.595 319
163.646 301
163.696 283
163.747 266
163.797 252
163.848 245
163.898 240
163.948 235
164.314 223
164.453 212
164.566 217
164.679 218
164.792 219
164.842 212
164.93 203
164.98 195
165.068 188
165.119 181
165.206 176
165.257 177
165.319 180
165.37 178
165.433 178
165.483 176
165.533 174
165.584 171
165.634 169
165.685 167
165.735 165
165.786 163
165.836 161
165.886 166
165.937 171
165.987 174
166.038 178
166.088 181
166.139 183
166.189 186
166.239 188
166.29 189
166.34 191
166.391 192
166.441 193
166.492 194
166.542 195
166.592 196
166.643 196
166.693 197
166.744 198
166.794 204
166.845 210
166.895 215
166.945 220
166.996 224
167.046 227
167.097 230
167.147 233
167.198 235
167.248 237
167.299 239
167.349 241
167.399 242
167.45 243
167.5 244
167.551 245
167.601 246
167.652 247
167.702 247
167.752 248
167.803 248
167.853 255
167.904 261
167.954 266
168.005 271
168.055 275
168.105 278
168.156 281
168.206 284
168.257 286
168.307 288
168.358 290
168.408 291
168.458 293
168.509 294
168.559 295
168.61 296
168.66 297
168.711 297
168.761 298
168.811 298
168.862 299
168.912 299
168.963 300
169.013 300
169.064 300
169.114 307
169.164 312
169.215 317
169.265 322
169.316 326
169.366 329
169.417 332
169.467 335
169.518 337
169.568 339
169.618 340
169.669 342
169.719 343
169.77 344
169.82 345
169.871 346
169.921 347
169.971 348
170.022 348
170.072 349
170.123 349
170.173 350
170.224 350
170.274 350
170.324 351
170.375 351
170.425 351
170.476 351
170.526 351
170.577 352
170.627 358
170.677 364
170.728 369
170.778 373
170.829 377
170.879 380
170.93 383
170.98 385
171.03 388
171.081 389
171.131 391
171.182 393
171.232 394
171.283 395
171.333 396
171.383 397
171.434 398
171.484 398
171.535 399
171.585 399
171.636 400
171.686 400
171.737 401
171.787 401
171.837 401
171.888 401
171.938 402
171.989 402
172.039 402
172.09 402
172.14 402
172.19 402
172.241 402
172.291 409
172.342 414
172.392 419
172.443 423
172.493 427
172.543 431
172.594 433
172.644 436
172.695 438
172.745 440
172.796 442
172.846 443
172.896 444
172.947 445
172.997 446
173.048 447
173.098 448
173.149 449
173.199 449
173.249 450
173.3 450
173.35 451
173.401 451
173.451 451
173.502 452
173.552 452
173.603 452
173.653 452
173.703 452
173.754 452
173.804 453
173.855 453
173.905 453
173.956 453
174.006 453
174.056 453
174.107 453
174.157 453
174.208 459
174.258 465
174.309 470
174.359 474
174.409 478
174.46 481
174.51 484
174.561 486
174.611 489
174.662 490
174.712 492
174.762 494
174.813 495
174.863 496
174.914 497
174.964 498
175.015 499
175.065 499
175.115 500
175.166 500
175.216 501
175.267 501
175.317 502
175.368 502
175.418 502
175.468 502
175.519 502
175.569 503
175.62 503
175.67 503
175.721 503
175.771 503
175.822 503
175.872 503
175.922 503
175.973 503
176.023 503
176.074 503
176.124 504
176.175 504
176.225 504
176.275 504
176.326 510
176.376 515
176.427 520
176.477 525
176.528 528
176.578 531
176.628 534
176.679 537
176.729 539
176.78 541
176.83 543
176.881 544
176.931 545
176.981 547
177.032 547
177.082 548
177.133 549
177.183 550
177.234 550
177.284 551
177.334 551
177.385 552
177.435 552
177.486 552
177.536 552
177.587 553
177.637 553
177.687 553
177.738 553
177.788 553
177.839 553
177.889 553
177.94 554
177.99 554
178.041 554
178.091 554
178.141 554
178.192 554
178.242 554
178.293 554
178.343 554
178.394 554
178.444 554
178.494 554
178.545 554
178.595 554
178.646 554
178.696 561
178.747 566
178.797 571
178.847 575
178.898 579
178.948 582
178.999 585
179.049 587
179.1 590
179.15 592
179.2 593
179.251 595
179.301 596
179.352 597
179.402 598
179.453 599
179.503 600
179.553 600
179.604 601
179.654 601
179.705 602
179.755 602
179.806 602
179.856 603
179.907 603
179.957 603
180.007 603
180.058 603
180.108 604
180.159 604
180.209 604
180.26 604
180.31 604
180.36 604
180.411 604
180.461 604
180.512 604
180.562 604
180.613 604
180.663 604
180.713 604
180.764 604
180.814 604
180.865 604
180.915 605
180.966 605
181.016 605
181.066 605
181.117 605
181.167 605
181.218 605
181.268 605
181.319 605
181.369 605
181.419 605
181.47 605
181.52 605
181.571 605
181.621 605
181.672 605
181.722 605
181.772 605
181.823 605
181.873 605
181.974 605
182.025 605
182.075 605
182.126 605
182.176 605
182.226 605
182.277 605
182.327 605
182.378 605
182.428 605
182.479 605
182.529 598
182.579 599
182.63 600
182.68 600
182.731 601
182.781 601
182.832 602
182.882 602
182.932 602
182.983 603
183.033 603
183.084 603
183.134 603
183.185 604
183.235 604
183.285 604
183.336 604
183.386 604
183.437 604
183.487 604
183.538 604
183.588 604
183.638 604
183.689 604
183.739 604
183.79 604
183.84 604
183.891 604
183.941 605
183.991 605
184.042 605
184.092 605
184.143 605
184.193 605
184.244 605
184.294 605
184.345 605
184.395 605
184.445 605
184.496 605
184.546 605
184.597 605
184.647 605
184.698 605
184.748 605
184.798 605
184.849 605
184.899 605
184.95 605
185 605
185.051 605
185.101 605
185.151 605
185.202 605
186.084 561
186.135 528
186.185 506
186.236 493
186.286 488
186.337 459
186.387 433
186.437 410
186.488 390
186.538 373
186.589 358
186.639 345
186.69 333
186.74 323
186.79 314
186.841 312
186.891 311
186.942 310
186.992 309
187.043 308
187.093 307
187.143 307
187.194 306
187.244 306
187.295 305
187.345 305
187.396 304
187.446 304
187.497 304
187.547 304
187.597 304
187.648 303
187.698 303
187.749 303
187.799 303
187.85 303
187.9 303
187.95 303
188.001 303
188.051 303
188.102 309
188.152 314
188.203 319
188.253 323
188.303 327
188.354 330
188.404 333
188.455 335
188.505 338
188.556 339
188.606 341
188.656 342
188.707 344
188.757 345
188.808 346
188.858 347
188.909 347
188.959 348
189.009 349
189.06 349
189.11 349
189.161 350
189.211 350
189.262 350
189.312 351
189.363 351
189.413 351
189.463 351
189.514 351
189.564 352
189.615 358
189.665 364
189.716 369
189.766 373
189.816 377
189.867 380
189.917 383
189.968 385
190.018 388
190.069 389
190.119 391
190.169 393
190.22 394
190.27 395
190.321 396
190.371 397
190.422 398
190.472 398
190.522 399
190.573 399
190.623 400
190.674 400
190.724 401
190.775 401
190.825 401
190.875 401
190.926 402
190.976 402
191.027 402
191.077 402
191.128 402
191.178 402
191.228 402
191.279 402
191.329 409
191.38 414
191.43 419
191.481 424
191.531 427
191.582 431
191.632 433
191.682 436
191.733 438
191.783 440
191.834 442
191.884 443
191.935 444
191.985 445
192.035 446
192.086 447
192.136 448
192.187 449
192.237 449
192.288 450
192.338 450
192.388 451
192.439 451
192.489 451
192.54 452
192.59 452
192.641 452
192.691 452
192.741 452
192.792 453
192.842 453
192.893 453
192.943 453
192.994 453
193.044 453
193.094 453
193.145 453
193.195 459
193.246 465
193.296 470
193.347 474
193.397 478
193.447 481
193.498 484
193.548 486
193.599 488
193.649 490
193.7 492
193.75 494
193.801 495
193.851 496
193.901 497
193.952 498
194.002 499
194.053 499
194.103 500
194.154 500
194.204 501
194.254 501
194.305 501
194.355 502
194.406 502
194.456 502
194.507 502
194.557 503
194.607 503
194.658 503
194.708 503
194.759 503
194.809 503
194.86 503
194.91 503
194.96 503
195.011 503
195.061 503
195.112 503
195.162 504
195.213 504
195.263 504
195.313 504
195.364 510
195.414 515
195.465 520
195.515 525
195.566 528
195.616 532
195.692 538
196.499 502
196.549 477
196.599 461
196.65 454
196.7 448
196.751 423
196.801 402
196.852 383
196.902 367
196.953 352
197.003 340
197.053 329
197.104 319
197.154 311
197.205 303
197.255 297
197.306 291
197.356 286
197.406 282
197.457 284
197.507 287
197.558 288
197.608 290
197.659 292
197.709 293
197.759 294
197.81 295
197.86 296
197.911 297
197.961 297
198.012 298
198.062 299
198.112 299
198.163 299
198.213 300
198.264 300
198.314 300
198.365 300
198.415 301
198.465 301
198.516 301
198.566 301
198.617 301
198.667 301
198.718 308
198.768 313
198.819 318
198.869 323
198.919 326
198.97 330
199.02 332
199.071 335
199.121 337
199.172 339
199.222 341
199.272 342
199.323 343
199.373 345
199.424 346
199.474 346
199.525 347
199.575 348
199.625 348
199.676 349
199.726 349
199.777 350
199.827 350
199.878 350
199.928 351
199.978 351
200.029 351
200.079 351
200.13 352
200.18 352
200.231 358
200.281 364
200.331 369
200.382 373
200.432 377
200.483 380
200.533 383
200.584 385
200.634 388
200.684 389
200.735 391
200.785 393
200.836 394
200.886 395
200.937 396
200.987 397
201.038 398
201.088 398
201.138 399
201.189 399
201.239 400
201.29 400
201.34 401
201.391 401
201.441 401
201.491 401
201.542 401
201.592 402
201.643 402
201.693 402
201.744 402
201.794 402
201.844 402
201.895 402
201.945 409
201.996 414
202.046 419
202.097 424
202.147 427
202.197 431
202.248 433
202.298 436
202.349 438
202.399 440
202.45 442
202.5 443
202.55 444
202.601 445
202.651 446
202.702 447
202.752 448
202.803 449
202.853 449
202.903 450
202.954 450
203.004 451
203.055 451
203.105 451
203.156 452
203.206 452
203.257 452
203.307 452
203.357 452
203.408 452
203.458 453
203.509 453
203.559 453
203.61 453
203.66 453
203.71 453
203.761 453
203.811 459
203.862 465
203.912 470
203.963 474
204.013 478
204.063 481
204.114 484
204.164 486
204.215 489
204.265 491
204.316 492
204.366 494
204.416 495
204.467 496
204.517 497
204.568 498
204.618 499
204.669 499
204.719 500
204.769 500
204.82 501
204.87 501
204.921 501
204.971 502
205.022 502
205.072 502
205.123 502
205.173 503
205.223 503
205.274 503
205.324 503
205.375 503
205.425 503
205.476 503
205.526 503
205.576 503
205.627 503
205.677 503
205.728 503
205.778 504
205.829 504
205.879 504
205.929 504
205.98 510
206.03 515
206.081 520
206.131 525
206.182 528
206.232 532
206.282 534
206.333 537
206.383 539
206.434 541
206.484 543
206.535 544
206.585 545
206.635 547
206.686 547
206.736 548
206.787 549
206.837 550
206.888 550
206.938 551
206.988 551
207.039 552
207.089 552
207.14 552
207.19 552
207.241 553
207.291 553
207.342 553
207.392 553
207.442 553
207.493 553
207.543 553
207.594 554
207.644 554
207.695 554
207.745 554
207.795 554
207.846 554
207.896 554
207.947 554
207.997 554
208.048 554
208.098 554
208.148 554
208.199 554
208.249 554
208.3 560
208.35 566
208.401 571
208.451 575
208.501 579
208.552 582
208.602 585
208.653 587
208.703 590
208.754 591
208.804 593
208.854 595
208.905 596
208.955 597
209.006 598
209.056 599
209.107 599
209.157 600
209.207 601
209.258 601
209.308 602
209.359 602
209.409 602
209.46 603
209.51 603
209.561 603
209.611 603
209.661 603
209.712 604
209.762 604
209.813 604
209.863 604
209.914 604
209.964 604
210.014 604
210.065 604
210.115 604
210.166 604
210.216 604
210.267 604
210.317 605
210.367 605
210.418 605
210.468 605
210.519 605
210.569 605
210.62 605
210.67 605
210.72 605
210.771 605
210.821 605
210.872 605
210.922 605
210.973 605
211.023 605
211.073 605
211.124 605
211.174 605
211.225 605
211.275 605
211.326 605
211.376 605
211.427 605
211.477 605
211.527 605
211.578 605
211.628 605
211.679 605
211.729 605
211.78 605
211.83 605
211.88 605
211.931 605
211.981 605
212.032 605
212.082 605
212.133 605
212.183 605
212.233 605
212.284 605
212.334 605
212.385 605
212.435 605
212.486 605
212.536 605
212.586 605
212.637 605
212.687 605
212.738 605
212.788 605
212.839 605
212.889 605
212.939 605
212.99 605
213.04 605
213.091 605
213.141 605
213.192 605
213.242 605
213.292 605
213.343 605
213.393 605
213.444 605
213.494 605
213.545 605
213.595 605
213.646 605
213.696 605
213.746 605
213.797 605
213.847 605
213.898 605
213.948 605
213.999 605
214.049 605
214.099 605
214.15 605
214.2 605
214.251 605
214.301 605
214.352 605
214.402 605
214.452 605
214.503 605
214.553 605
214.604 605
214.654 605
214.705 605
214.755 605
214.805 605
214.856 605
214.906 605
214.957 605
215.007 605
215.058 605
215.108 605
215.158 605
215.209 605
215.259 605
215.31 605
215.36 605
215.411 605
215.461 605
215.511 605
215.562 605
215.612 605
215.663 605
215.713 605
215.764 605
215.814 605
215.865 605
215.915 605
215.965 605
216.016 605
216.066 605
216.117 605
216.167 605
216.218 605
216.268 605
216.318 605
216.369 605
216.419 605
216.47 605
216.52 605
216.571 605
216.621 605
216.671 605
216.722 605
216.772 605
216.823 605
216.873 605
216.924 605
216.974 605
217.024 605
217.075 605
217.125 605
217.176 605
217.226 605
217.277 605
217.327 605
217.377 605
217.428 605
217.478 605
217.529 605
217.579 605
217.63 605
217.68 605
217.731 605
217.781 605
217.831 605
217.882 605
217.932 605
217.983 605
218.033 605
218.084 605
218.134 605
218.184 605
218.235 605
218.285 605
218.336 605
218.386 605
218.437 605
218.487 605
218.537 605
218.588 605
218.638 605
218.689 605
218.739 605
218.79 605
218.84 605
218.89 605
218.941 605
218.991 605
219.042 605
219.092 605
219.143 605
219.193 605
219.243 605
219.294 605
219.344 605
219.395 605
219.445 605
219.496 605
219.546 605
219.596 605
219.647 605
219.697 605
219.748 605
219.798 605
219.849 605
219.899 605
219.95 605
220 605
220.05 605
220.101 605
220.151 605
220.202 605
220.252 605
220.303 605
220.353 605
220.403 605
220.454 605
220.504 605
220.555 605
220.605 605
220.656 605
220.706 605
220.756 605
220.807 605
220.857 605
220.908 605
220.958 605
221.009 605
221.059 605
221.109 605
221.16 605
221.21 605
221.261 605
221.311 605
221.362 605
221.412 605
221.462 605
221.513 605
221.563 605
221.614 605
221.664 605
221.715 605
221.765 605
221.815 605
221.866 605
221.916 605
221.967 605
222.017 605
222.068 605
222.118 605
222.169 605
222.219 605
222.269 605
222.32 605
222.37 605
222.421 605
222.471 605
222.522 605
222.572 605
222.622 605
222.673 605
222.723 605
222.824 605
222.875 605
222.925 605
222.975 605
223.026 605
223.076 605
223.127 605
223.177 605
223.228 605
223.278 605
223.328 605
223.379 598
223.429 599
223.48 600
223.53 600
223.581 601
223.631 601
223.681 602
223.732 602
223.782 602
223.833 603
223.883 603
223.934 603
223.984 603
224.035 604
224.085 604
224.135 604
224.186 604
224.236 604
224.287 604
224.337 604
224.388 604
224.438 604
224.488 604
224.539 604
224.589 604
224.64 604
224.69 605
224.741 605
224.791 605
224.841 605
224.892 605
224.942 605
224.993 605
225.043 605
225.094 605
225.144 605
225.194 605
225.245 605
225.295 605
225.346 605
225.396 605
225.447 605
225.497 605
225.547 605
225.598 605
225.648 605
225.699 605
225.749 605
225.8 605
225.85 605
225.9 605
225.951 605
226.001 605
226.052 605
226.102 605
226.153 605
226.203 605
226.254 605
226.304 605
226.354 605
226.405 605
226.455 605
226.506 605
226.556 605
226.607 605
226.657 605
226.707 605
226.758 605
226.808 605
226.859 605
226.909 605
226.96 605
227.01 605
227.06 605
227.111 605
227.161 605
227.212 605
227.262 605
227.313 605
227.363 605
227.413 605
227.464 605
227.514 605
227.565 605
227.615 605
227.666 605
227.716 605
227.766 605
227.817 605
227.867 605
227.918 605
227.968 605
228.019 605
228.069 605
228.119 605
228.17 605
228.22 605
228.271 605
228.321 605
228.372 605
228.422 605
228.473 605
228.523 605
228.573 605
228.624 605
228.674 605
228.725 605
228.775 605
228.826 605
228.876 605
228.926 605
228.977 605
229.027 605
229.078 605
229.128 605
229.179 605
229.229 605
229.279 605
229.33 605
229.38 605
229.431 605
229.481 605
229.532 605
229.582 605
229.632 605
229.683 605
229.733 605
229.784 605
229.834 605
229.885 605
229.935 605
229.985 605
230.036 605
230.086 605
230.137 605
230.187 605
230.238 605
230.288 605
230.339 605
230.389 605
230.439 605
230.49 605
230.54 605
230.591 605
230.641 605
230.692 605
230.742 605
230.792 605
230.843 605
230.893 605
230.944 605
230.994 605
231.045 605
231.095 605
231.145 605
231.196 605
231.246 605
231.297 605
231.347 605
231.398 605
231.448 605
231.498 605
231.549 605
231.599 605
231.65 605
231.7 605
231.751 605
231.801 605
231.851 605
231.902 605
231.952 605
232.003 605
232.053 605
232.104 605
232.154 605
232.204 605
232.255 605
232.305 605
232.356 605
232.406 605
232.457 605
232.507 605
232.558 605
232.608 605
232.658 605
232.709 605
232.759 605
232.81 605
232.86 605
232.911 605
232.961 605
233.011 605
233.062 605
233.112 605
233.163 605
233.213 605
233.264 605
233.314 605
233.364 605
233.415 605
233.465 605
233.516 605
233.566 605
233.617 605
233.667 605
233.717 605
233.768 605
233.818 605
233.869 605
233.919 605
233.97 605
234.02 605
234.07 605
234.121 605
234.171 605
234.222 605
234.272 605
234.323 605
234.373 605
234.423 605
234.474 605
234.524 605
234.575 605
235.457 561
235.508 528
235.558 506
235.609 493
235.659 488
235.71 459
235.76 433
235.81 410
235.861 390
235.911 373
235.962 358
236.012 345
236.063 333
236.113 323
236.163 314
236.214 312
236.264 311
236.315 310
236.365 309
236.416 308
236.466 307
236.516 307
236.567 306
236.617 306
236.668 305
236.718 305
236.769 304
236.819 304
236.869 304
236.92 304
236.97 304
237.021 303
237.071 303
237.122 303
237.172 303
237.222 303
237.273 303
237.323 303
237.374 303
237.424 303
237.475 309
237.525 314
237.575 319
