0.19764 3740
0.248072 4080
0.298504 4420
0.348936 4760
0.399368 5100
0.4498 5440
0.500232 5780
0.550664 6120
0.601096 6460
0.651528 6800
0.70196 7140
0.752392 7480
0.802824 7820
0.853256 8160
0.903688 8500
0.95412 8840
1.00455 9180
1.05498 9520
1.10542 9860
1.15585 10200
1.20628 10540
1.25671 10880
1.30714 11220
1.35758 11560
1.40801 11900
1.45844 12240
1.50887 12580
1.5593 12920
1.60974 13260
1.66017 13600
1.7106 13940
1.76103 14280
1.81146 14620
1.8619 14960
1.91233 15300
1.96276 15640
2.01319 15980
2.06362 16320
2.11406 16660
2.16449 17000
2.21492 17340
2.26535 17680
2.31578 18020
2.36622 18360
2.41665 18700
2.46708 19040
2.51751 19380
2.56794 19720
2.61838 20060
2.66881 20400
2.71924 20740
2.76967 21080
2.8201 21420
2.87054 21760
2.92097 22100
2.9714 22440
3.02183 22780
3.07226 23120
3.1227 23460
3.17313 23800
3.22356 24140
3.27399 24480
3.32442 24820
3.37486 25160
3.42529 25500
3.47572 25840
3.52615 26180
3.57658 26520
3.62702 26860
3.67745 27200
3.72788 27540
3.77831 27880
3.82874 28220
3.87918 28560
3.92961 28900
3.98004 29240
4.03047 29580
4.0809 29920
4.13134 30260
4.18177 30600
4.2322 30940
4.28263 31280
4.33306 31620
4.3835 31960
4.43393 32300
4.48436 32640
4.53479 32980
4.58522 33320
4.63566 33660
4.68609 34000
4.73652 34340
4.78695 34680
4.83738 35020
4.88782 35360
4.93825 35700
4.98868 36040
5.03911 36380
5.08954 36720
5.13998 37060
5.19041 37400
5.24084 37740
5.29127 38080
5.3417 38420
5.39214 38760
5.44257 39100
5.493 39440
5.54343 39780
5.59386 40120
5.6443 40460
5.69473 40800
5.74516 41140
5.79559 41480
5.84602 41820
5.89646 42160
5.94689 42500
5.99732 42840
6.04775 43180
6.09818 43520
6.14862 43860
6.19905 44200
6.24948 44540
6.29991 44880
6.35034 45220
6.40078 45560
6.45121 45900
6.50164 46240
6.55207 46580
6.6025 46920
6.65294 47260
6.70337 47600
6.7538 47940
6.80423 48280
6.85466 48620
6.9051 48960
6.95553 49300
7.00596 49640
7.05639 49980
7.10682 50320
7.15726 50660
7.20769 51000
7.25812 51340
7.30855 51680
7.35898 52020
7.40942 52360
7.45985 52700
7.51028 53040
7.56071 53380
7.61114 53720
7.66158 54060
7.78842 3230
8.29198 3265
8.51892 3300
8.56935 3335
8.61978 3369
8.67022 3403
8.72065 3436
8.77108 3469
8.82151 3502
8.87194 3535
8.92238 3567
8.97281 3599
9.02324 3631
9.07367 3662
9.1241 3693
9.17454 3724
9.22497 3755
9.2754 3785
9.32583 3815
9.37626 3845
9.4267 3875
9.52833 1530
9.77972 1605
9.84308 1677
9.89352 1745
9.98133 1811
10.0318 1874
10.0944 1935
10.1448 1994
10.2074 2051
10.2578 2107
10.3204 2161
10.3708 2214
10.4213 2266
10.4717 2317
10.5221 2366
10.5726 2414
10.623 2461
10.6734 2507
10.7239 2553
10.7743 2598
10.8247 2642
10.8752 2685
10.9256 2728
10.976 2770
11.0265 2811
11.0769 2852
11.1273 2892
11.1778 2931
11.2282 2970
11.2786 3008
11.3291 3046
11.3795 3083
11.4299 3120
11.4803 3157
11.5308 3193
11.5812 3229
11.6316 3264
11.6821 3299
11.7325 3334
11.7829 3368
11.8334 3402
11.8838 3435
11.9342 3468
11.9847 3501
12.0351 3534
12.0855 3566
12.136 3598
12.1864 3630
12.2368 3661
12.2873 3692
12.3377 3723
12.3881 3754
12.4386 3784
12.489 3814
12.5394 3844
12.5899 3874
12.6403 3903
12.6907 3932
12.7411 3961
12.7916 3990
12.842 4018
12.8924 4046
12.9429 4074
12.9933 4102
13.0437 4130
13.0942 4157
13.1446 4184
13.195 4211
13.2455 4238
13.2959 4265
13.3463 4292
13.3968 4318
13.4472 4344
13.4976 4370
13.5481 4396
13.5985 4422
13.6489 4448
13.6994 4473
13.7498 4498
13.8002 4523
13.8507 4548
13.9011 4573
13.9515 4598
14.0019 4623
14.0524 4648
14.1028 4672
14.1532 4696
14.2037 4720
14.2541 4744
14.3045 4768
14.355 4792
14.4054 4816
14.4558 4840
14.5063 4863
14.5567 4886
14.6071 4909
14.6576 4932
14.708 4955
14.7584 4978
14.8089 5001
14.8593 5024
14.9097 5047
14.9602 5069
15.0106 5091
15.061 5113
15.1115 5135
15.1619 5157
15.2123 5179
15.2627 5201
15.3132 5223
15.3636 5245
15.414 5267
15.4645 5288
15.5149 5309
15.5653 5330
15.6158 5351
15.6662 5372
15.7166 5393
15.7671 5414
15.8175 5435
15.8679 5456
15.9184 5477
15.9688 5498
16.0192 5519
16.0697 5539
16.1201 5559
16.1705 5579
16.221 5599
16.2714 5619
16.3218 5639
16.3723 5659
16.4227 5679
16.4731 5699
16.5235 5719
16.574 5739
16.6244 5759
16.6748 5779
16.7253 5799
16.7757 5818
16.8261 5837
16.8766 5856
16.927 5875
16.9774 5894
17.0279 5913
17.0783 5932
17.1287 5951
17.1792 5970
17.2296 5989
17.28 6008
17.3305 6027
17.3809 6046
17.4313 6065
17.4818 6084
17.5322 6103
17.5826 6121
17.6331 6139
17.6835 6157
17.7339 6175
17.7843 6193
17.8348 6211
17.8852 6229
17.9356 6247
17.9861 6265
18.0365 6283
18.0869 6301
18.1374 6319
18.1878 6337
18.2382 6355
18.2887 6373
18.3391 6391
18.3895 6409
18.44 6427
18.4904 6444
18.5408 6461
18.5913 6478
18.6417 6495
18.6921 6512
18.7426 6529
18.793 6546
18.8434 6563
18.8939 6580
18.9443 6597
18.9947 6614
19.0451 6631
19.0956 6648
19.146 6665
19.1964 6682
19.2469 6699
19.2973 6716
19.3477 6733
19.3982 6750
19.4486 6767
19.499 6784
19.5495 6801
19.5999 6817
19.6503 6833
19.7008 6849
19.7512 6865
19.8016 6881
19.8521 6897
19.9025 6913
19.9529 6929
20.0034 6945
20.0538 6961
20.1042 6977
20.1547 6993
20.2051 7009
20.2555 7025
20.3059 7041
20.3564 7057
20.4068 7073
20.4572 7089
20.5077 7105
20.5581 7121
20.6085 7137
20.659 7153
20.7094 7169
20.7598 7185
20.8103 7201
20.8607 7217
20.9111 7233
20.9616 7248
21.012 7263
21.0624 7278
21.1129 7293
21.1633 7308
21.2137 7323
21.2642 7338
21.3146 7353
21.365 7368
21.4155 7383
21.4659 7398
21.5163 7413
21.5667 7428
21.6172 7443
21.6676 7458
21.718 7473
21.7685 7488
21.8189 7503
21.8693 7518
21.9198 7533
21.9702 7548
22.0206 7563
22.0711 7578
22.1215 7593
22.1719 7608
22.2224 7623
22.2728 7638
22.3232 7653
22.3737 7668
22.4241 7683
22.4745 7698
22.525 7713
22.5754 7727
22.6258 7741
22.6763 7755
22.7267 7769
22.7771 7783
22.8275 7797
22.878 7811
22.9284 7825
22.9788 7839
23.0293 7853
23.0797 7867
23.1301 7881
23.1806 7895
23.231 7909
23.2814 7923
23.3319 7937
23.3823 7951
23.4327 7965
23.4832 7979
23.5336 7993
23.584 8007
23.6345 8021
23.6849 8035
23.7353 8049
23.7858 8063
23.8362 8077
23.8866 8091
23.9371 8105
23.9875 8119
24.0379 8133
24.0883 8147
24.1388 8161
24.1892 8175
24.2396 8189
24.2901 8203
24.3405 8217
24.3909 8231
24.4414 8245
24.4918 8259
24.5422 8272
24.5927 8285
24.6431 8298
24.6935 8311
24.744 8324
24.7944 8337
24.8448 8350
24.8953 8363
24.9457 8376
24.9961 8389
25.0466 8402
25.097 8415
25.1474 8428
25.1979 8441
25.2483 8454
25.2987 8467
25.3491 8480
25.3996 8493
25.45 8506
25.5004 8519
25.5509 8532
25.6013 8545
25.6517 8558
25.7022 8571
25.7526 8584
25.803 8597
25.8535 8610
25.9039 8623
25.9543 8636
26.0048 8649
26.0552 8662
26.1056 8675
26.1561 8688
26.2065 8701
26.2569 8714
26.3074 8727
26.3578 8740
26.4082 8753
26.4587 8766
26.5603 3400
27.0891 3434
27.3412 3467
27.3916 3500
27.4421 3533
27.4925 3565
27.5429 3597
27.5934 3629
27.6438 3660
27.6942 3691
27.7447 3722
27.7951 3753
27.8455 3783
27.896 3813
27.9464 3843
27.9968 3873
28.0473 3902
28.0977 3931
28.1481 3960
28.1986 3989
28.249 4017
28.2994 4045
28.3499 4073
28.4003 4101
28.4507 4129
28.5011 4156
28.5516 4183
28.602 4210
28.6524 4237
28.7029 4264
28.7533 4291
28.8037 4317
28.8542 4343
28.9046 4369
28.955 4395
29.0055 4421
29.0559 4447
29.1063 4472
29.1568 4497
29.2072 4522
29.2576 4547
29.3081 4572
29.3585 4597
29.4089 4622
29.4594 4647
29.5098 4671
29.5602 4695
29.6107 4719
29.6611 4743
29.7115 4767
29.7619 4791
29.8124 4815
29.8628 4839
29.9132 4862
29.9637 4885
30.0141 4908
30.0645 4931
30.115 4954
30.1654 4977
30.2158 5000
30.2663 5023
30.3167 5046
30.3671 5068
30.4176 5090
30.468 5112
30.5184 5134
30.5689 5156
30.6193 5178
30.6697 5200
30.7202 5222
30.7706 5244
30.821 5266
30.8715 5287
30.9219 5308
30.9723 5329
31.0227 5350
31.1236 5371
31.174 5392
31.2245 5413
31.2749 5434
31.3253 5455
31.3758 5476
31.4262 5497
31.4766 5518
31.5271 5538
31.5775 5558
31.6279 5578
31.6784 5598
31.7288 5618
31.7792 5638
31.8297 5658
31.8801 5678
31.9305 5698
31.981 5718
32.0314 5738
32.0818 5758
32.1323 5778
32.1827 5798
32.2331 5817
32.2835 5836
32.334 5855
32.3844 5874
32.4348 5893
32.4853 5912
32.5357 5931
32.5861 5950
32.6366 5969
32.687 5988
32.7374 6007
32.7879 6026
32.8383 6045
32.8887 6064
32.9392 6083
32.9896 6102
33.04 6120
33.0905 6138
33.1409 6156
33.1913 6174
33.2418 6192
33.2922 6210
33.3426 6228
33.3931 6246
33.4435 6264
33.4939 6282
33.5443 6300
33.5948 6318
33.6452 6336
33.6956 6354
33.7461 6372
33.7965 6390
33.8469 6408
33.8974 6426
33.9478 6443
33.9982 6460
34.0487 6477
34.0991 6494
34.1495 6511
34.2 6528
34.2504 6545
34.3008 6562
34.3513 6579
34.4017 6596
34.4521 6613
34.5026 6630
34.553 6647
34.6034 6664
34.6539 6681
34.7043 6698
34.7547 6715
34.8051 6732
34.8556 6749
34.906 6766
34.9564 6783
35.0069 6800
35.0573 6817
35.1077 6833
35.1582 6849
35.2086 6865
35.259 6881
35.3095 6897
35.3599 6913
35.4103 6929
35.4608 6945
35.5112 6961
35.5616 6977
35.6121 6993
35.6625 7009
35.7129 7025
35.7634 7041
35.8138 7057
35.8642 7073
35.9147 7089
35.9651 7105
36.0155 7121
36.0659 7137
36.1164 7153
36.1668 7169
36.2172 7185
36.2677 7201
36.3181 7217
36.3685 7233
36.419 7248
36.4694 7263
36.5198 7278
36.5703 7293
36.6207 7308
36.6711 7323
36.7216 7338
36.772 7353
36.8224 7368
36.8729 7383
36.9233 7398
36.9737 7413
37.0242 7428
37.0746 7443
37.125 7458
37.1755 7473
37.2259 7488
37.2763 7503
37.3267 7518
37.3772 7533
37.4276 7548
37.478 7563
37.5285 7578
37.5789 7593
37.6293 7608
37.6798 7623
37.7302 7638
37.7806 7653
37.8311 7668
37.8815 7683
37.9319 7698
37.9824 7713
38.0328 7727
38.0832 7741
38.1337 7755
38.1841 7769
38.2345 7783
38.285 7797
38.3354 7811
38.3858 7825
38.4363 7839
38.4867 7853
38.5371 7867
38.5875 7881
38.638 7895
38.6884 7909
38.7388 7923
38.7893 7937
38.8397 7951
38.8901 7965
38.9406 7979
38.991 7993
39.0414 8007
39.0919 8021
39.1423 8035
39.1927 8049
39.2432 8063
39.2936 8077
39.344 8091
39.3945 8105
39.4449 8119
39.4953 8133
39.5458 8147
39.5962 8161
39.6466 8175
39.6971 8189
39.7475 8203
39.7979 8217
39.8483 8231
39.8988 8245
39.9492 8259
39.9996 8272
40.0501 8285
40.1005 8298
40.1509 8311
40.2014 8324
40.2518 8337
40.3022 8350
40.3527 8363
40.4031 8376
40.4535 8389
40.504 8402
40.5544 8415
40.6048 8428
40.6553 8441
40.7057 8454
40.7561 8467
40.8066 8480
40.857 8493
40.9074 8506
40.9579 8519
41.0083 8532
41.0587 8545
41.1091 8558
41.1596 8571
41.21 8584
41.2604 8597
41.3109 8610
41.3613 8623
41.4117 8636
41.4622 8649
41.5126 8662
41.563 8675
41.6135 8688
41.6639 8701
41.7143 8714
41.7648 8727
41.8152 8740
41.8656 8753
41.9161 8766
41.9665 8779
42.0169 8792
42.0674 8805
42.1178 8818
42.1682 8831
42.2187 8844
42.2691 8857
42.3195 8870
42.3699 8883
42.4204 8896
42.4708 8908
42.5212 8920
42.5717 8932
42.6221 8944
42.6725 8956
42.723 8968
42.7734 8980
42.8238 8992
42.8743 9004
42.9247 9016
42.9751 9028
43.0768 3400
43.6055 3434
43.8577 3467
43.9081 3500
43.9586 3533
44.009 3565
44.0594 3597
44.1099 3629
44.1603 3660
44.2107 3691
44.2611 3722
44.3116 3753
44.362 3783
44.4124 3813
44.4629 3843
44.5133 3873
44.5637 3902
44.6142 3931
44.6646 3960
44.715 3989
44.7655 4017
44.8159 4045
44.8663 4073
44.9168 4101
44.9672 4129
45.0176 4156
45.0681 4183
45.1185 4210
45.1689 4237
45.2194 4264
45.2698 4291
45.3202 4317
45.3707 4343
45.4211 4369
45.4715 4395
45.5219 4421
45.5724 4447
45.6228 4472
45.6732 4497
45.7237 4522
45.7741 4547
45.8245 4572
45.875 4597
45.9254 4622
45.9758 4647
46.0263 4671
46.0767 4695
46.1271 4719
46.1776 4743
46.228 4767
46.2784 4791
46.3289 4815
46.3793 4839
46.4297 4862
46.4802 4885
46.5306 4908
46.581 4931
46.6315 4954
46.6819 4977
46.7323 5000
46.7827 5023
46.8332 5046
46.8836 5068
46.934 5090
46.9845 5112
47.0349 5134
47.0853 5156
47.1358 5178
47.1862 5200
47.2366 5222
47.2871 5244
47.3375 5266
47.3879 5287
47.4384 5308
47.4888 5329
47.5392 5350
47.5897 5371
47.6401 5392
47.6905 5413
47.741 5434
47.7914 5455
47.8418 5476
47.8923 5497
47.9427 5518
47.9931 5538
48.0435 5558
48.094 5578
48.1444 5598
48.1948 5618
48.2453 5638
48.2957 5658
48.3461 5678
48.3966 5698
48.447 5718
48.4974 5738
48.5479 5758
48.5983 5778
48.6487 5798
48.6992 5817
48.7496 5836
48.8 5855
48.8505 5874
48.9009 5893
48.9513 5912
49.0018 5931
49.0522 5950
49.1026 5969
49.1531 5988
49.2035 6007
49.2539 6026
49.3043 6045
49.3548 6064
49.4052 6083
49.4556 6102
49.5061 6120
49.5565 6138
49.6069 6156
49.6574 6174
49.7078 6192
49.7582 6210
49.8087 6228
49.8591 6246
49.9095 6264
49.96 6282
50.0104 6300
50.0608 6318
50.1113 6336
50.1617 6354
50.2121 6372
50.2626 6390
50.313 6408
50.3634 6426
50.4139 6443
50.4643 6460
50.5147 6477
50.5651 6494
50.6156 6511
50.666 6528
50.7164 6545
50.7669 6562
50.8173 6579
50.8677 6596
50.9182 6613
50.9686 6630
51.019 6647
51.0695 6664
51.1199 6681
51.1703 6698
51.2208 6715
51.2712 6732
51.3216 6749
51.3721 6766
51.4225 6783
51.4729 6800
51.5234 6817
51.5738 6833
51.6242 6849
51.6747 6865
51.7251 6881
51.7755 6897
51.8259 6913
51.8764 6929
51.9268 6945
51.9772 6961
52.0277 6977
52.0781 6993
52.1285 7009
52.179 7025
52.2294 7041
52.2798 7057
52.3303 7073
52.3807 7089
52.4311 7105
52.4816 7121
52.532 7137
52.5824 7153
52.6329 7169
52.6833 7185
52.7337 7201
52.7842 7217
52.8346 7233
52.885 7248
52.9355 7263
52.9859 7278
53.0363 7293
53.0867 7308
53.1372 7323
53.1876 7338
53.238 7353
53.2885 7368
53.3389 7383
53.3893 7398
53.4398 7413
53.4902 7428
53.5406 7443
53.5911 7458
53.6415 7473
53.6919 7488
53.7424 7503
53.7928 7518
53.8432 7533
53.8937 7548
53.9441 7563
53.9945 7578
54.045 7593
54.0954 7608
54.1458 7623
54.1963 7638
54.2467 7653
54.2971 7668
54.3475 7683
54.398 7698
54.4484 7713
54.4988 7727
54.5493 7741
54.5997 7755
54.6501 7769
54.7006 7783
54.751 7797
54.8014 7811
54.8519 7825
54.9023 7839
54.9527 7853
55.0032 7867
55.0536 7881
55.104 7895
55.1545 7909
55.2049 7923
55.2553 7937
55.3058 7951
55.3562 7965
55.4066 7979
55.4571 7993
55.5075 8007
55.5579 8021
55.6083 8035
55.6588 8049
55.7092 8063
55.7596 8077
55.8101 8091
55.8605 8105
55.9109 8119
55.9614 8133
56.0118 8147
56.0622 8161
56.1127 8175
56.1631 8189
56.2135 8203
56.264 8217
56.3144 8231
56.3648 8245
56.4153 8259
56.4657 8272
56.5161 8285
56.5666 8298
56.617 8311
56.6674 8324
56.7179 8337
56.7683 8350
56.8187 8363
56.8691 8376
56.9196 8389
56.97 8402
57.0204 8415
57.0709 8428
57.1213 8441
57.1717 8454
57.2222 8467
57.2726 8480
57.323 8493
57.3735 8506
57.4239 8519
57.4743 8532
57.5248 8545
57.5752 8558
57.6256 8571
57.6761 8584
57.7265 8597
57.7769 8610
57.8274 8623
57.8778 8636
57.9282 8649
57.9787 8662
58.0291 8675
58.0795 8688
58.1299 8701
58.1804 8714
58.2308 8727
58.2812 8740
58.3317 8753
58.3821 8766
58.4325 8779
58.483 8792
58.5334 8805
58.5838 8818
58.6343 8831
58.6847 8844
58.7351 8857
58.7856 8870
58.836 8883
58.8864 8896
58.9369 8908
58.9873 8920
59.0377 8932
59.0882 8944
59.1386 8956
59.189 8968
59.2395 8980
59.2899 8992
59.3403 9004
59.3907 9016
59.4412 9028
59.4916 9040
59.542 9052
59.5925 9064
59.6429 9076
59.6933 9088
59.7438 9100
59.7942 9112
59.8446 9124
59.8951 9136
59.9455 9148
59.9959 9160
60.0464 9172
60.0968 9184
60.1472 9196
60.1977 9208
60.2481 9220
60.2985 9232
60.349 9244
60.3994 9256
60.4498 9268
60.5003 9280
60.5507 9292
60.6011 9304
60.6515 9316
60.702 9328
60.7524 9340
60.8028 9352
60.8533 9364
60.9037 9376
60.9541 9388
61.0046 9400
61.055 9412
61.1054 9424
61.1559 9436
61.2063 9448
61.2567 9460
61.3072 9472
61.3576 9484
61.408 9496
61.4585 9508
61.5089 9520
61.5593 9532
61.6098 9544
61.6602 9556
61.7106 9568
61.7611 9580
61.8115 9592
61.8619 9604
61.9123 9616
61.9628 9628
62.0132 9640
62.0636 9651
62.1141 9662
62.1645 9673
62.2149 9684
62.2654 9695
62.3158 9706
62.3662 9717
62.4167 9728
62.4671 9739
62.5175 9750
62.568 9761
62.6184 9772
62.6688 9783
62.7193 9794
62.8209 3400
63.3497 3434
63.6018 3467
63.6523 3500
63.7027 3533
63.7531 3565
63.8035 3597
63.854 3629
63.9044 3660
63.9548 3691
64.0053 3722
64.0557 3753
64.1061 3783
64.1566 3813
64.207 3843
64.2574 3873
64.3079 3902
64.3583 3931
64.4087 3960
64.4592 3989
64.5096 4017
64.56 4045
64.6105 4073
64.6609 4101
64.7113 4129
64.7618 4156
64.8122 4183
64.8626 4210
64.9131 4237
64.9635 4264
65.0139 4291
65.0643 4317
65.1148 4343
65.1652 4369
65.2156 4395
65.2661 4421
65.3165 4447
65.3669 4472
65.4174 4497
65.4678 4522
65.5182 4547
65.5687 4572
65.6191 4597
65.6695 4622
65.72 4647
65.7704 4671
65.8208 4695
65.8713 4719
65.9217 4743
65.9721 4767
66.0226 4791
66.073 4815
66.1234 4839
66.1739 4862
66.2243 4885
66.2747 4908
66.3251 4931
66.3756 4954
66.426 4977
66.4764 5000
66.5269 5023
66.5773 5046
66.6277 5068
66.6782 5090
66.7286 5112
66.779 5134
66.8295 5156
66.8799 5178
66.9303 5200
66.9808 5222
67.0312 5244
67.0816 5266
67.1321 5287
67.1825 5308
67.2329 5329
67.2834 5350
67.3338 5371
67.3842 5392
67.4347 5413
67.4851 5434
67.5355 5455
67.5859 5476
67.6364 5497
67.6868 5518
67.7372 5538
67.7877 5558
67.8381 5578
67.8885 5598
67.939 5618
67.9894 5638
68.0398 5658
68.0903 5678
68.1407 5698
68.1911 5718
68.2416 5738
68.292 5758
68.3424 5778
68.3929 5798
68.4433 5817
68.4937 5836
68.5442 5855
68.5946 5874
68.645 5893
68.6955 5912
68.7459 5931
68.7963 5950
68.8467 5969
68.8972 5988
68.9476 6007
68.998 6026
69.0485 6045
69.0989 6064
69.1493 6083
69.1998 6102
69.2502 6120
69.3006 6138
69.3511 6156
69.4015 6174
69.4519 6192
69.5024 6210
69.5528 6228
69.6032 6246
69.6537 6264
69.7041 6282
69.7545 6300
69.805 6318
69.8554 6336
69.9058 6354
69.9563 6372
70.0067 6390
70.0571 6408
70.1075 6426
70.158 6443
70.2084 6460
70.2588 6477
70.3093 6494
70.3597 6511
70.4101 6528
70.4606 6545
70.511 6562
70.5614 6579
70.6119 6596
70.6623 6613
70.7127 6630
70.7632 6647
70.8136 6664
70.864 6681
70.9145 6698
70.9649 6715
71.0153 6732
71.0658 6749
71.1162 6766
71.1666 6783
71.2171 6800
71.2675 6817
71.3179 6833
71.3683 6849
71.4188 6865
71.4692 6881
71.5196 6897
71.5701 6913
71.6205 6929
71.6709 6945
71.7214 6961
71.7718 6977
71.8222 6993
71.8727 7009
71.9231 7025
71.9735 7041
72.024 7057
72.0744 7073
72.1248 7089
72.1753 7105
72.2257 7121
72.2761 7137
72.3266 7153
72.377 7169
72.4274 7185
72.4779 7201
72.5283 7217
72.5787 7233
72.6291 7248
72.6796 7263
72.73 7278
72.7804 7293
72.8309 7308
72.8813 7323
72.9317 7338
72.9822 7353
73.0326 7368
73.083 7383
73.1335 7398
73.1839 7413
73.2343 7428
73.2848 7443
73.3352 7458
73.3856 7473
73.4361 7488
73.4865 7503
73.5369 7518
73.5874 7533
73.6378 7548
73.6882 7563
73.7387 7578
73.7891 7593
73.8395 7608
73.8899 7623
73.9404 7638
73.9908 7653
74.0412 7668
74.0917 7683
74.1421 7698
74.1925 7713
74.243 7727
74.2934 7741
74.3438 7755
74.3943 7769
74.4447 7783
74.4951 7797
74.5456 7811
74.596 7825
74.6464 7839
74.6969 7853
74.7473 7867
74.7977 7881
74.8482 7895
74.8986 7909
74.949 7923
74.9995 7937
75.0499 7951
75.1003 7965
75.1507 7979
75.2012 7993
75.2516 8007
75.302 8021
75.3525 8035
75.4029 8049
75.4533 8063
75.5038 8077
75.5542 8091
75.6046 8105
75.6551 8119
75.7055 8133
75.7559 8147
75.8064 8161
75.8568 8175
75.9072 8189
75.9577 8203
76.0081 8217
76.0585 8231
76.109 8245
76.1594 8259
76.2098 8272
76.2603 8285
76.3107 8298
76.3611 8311
76.4115 8324
76.462 8337
76.5124 8350
76.5628 8363
76.6133 8376
76.6637 8389
76.7141 8402
76.7646 8415
76.815 8428
76.8654 8441
76.9159 8454
76.9663 8467
77.0167 8480
77.0672 8493
77.1176 8506
77.168 8519
77.2185 8532
77.2689 8545
77.3193 8558
77.3698 8571
77.4202 8584
77.4706 8597
77.5211 8610
77.5715 8623
77.6219 8636
77.6723 8649
77.7228 8662
77.7732 8675
77.8236 8688
77.8741 8701
77.9245 8714
77.9749 8727
78.0254 8740
78.0758 8753
78.1262 8766
78.1767 8779
78.2271 8792
78.2775 8805
78.328 8818
78.3784 8831
78.4288 8844
78.4793 8857
78.5297 8870
78.5801 8883
78.6306 8896
78.681 8908
78.7314 8920
78.7819 8932
78.8323 8944
78.8827 8956
78.9331 8968
78.9836 8980
79.034 8992
79.0844 9004
79.1349 9016
79.1853 9028
79.2357 9040
79.2862 9052
79.3366 9064
79.387 9076
79.4375 9088
79.4879 9100
79.5383 9112
79.5888 9124
79.6392 9136
79.6896 9148
79.7401 9160
79.7905 9172
79.8409 9184
79.8914 9196
79.9418 9208
79.9922 9220
80.0427 9232
80.0931 9244
80.1435 9256
80.1939 9268
80.2444 9280
80.2948 9292
80.3452 9304
80.3957 9316
80.4461 9328
80.4965 9340
80.547 9352
80.5974 9364
80.6478 9376
80.6983 9388
80.7487 9400
80.7991 9412
80.8496 9424
80.9 9436
80.9504 9448
81.0009 9460
81.0513 9472
81.1017 9484
81.1522 9496
81.2026 9508
81.253 9520
81.3035 9532
81.3539 9544
81.4043 9556
81.4547 9568
81.5052 9580
81.5556 9592
81.606 9604
81.6565 9616
81.7069 9628
81.7573 9640
81.8078 9651
81.8582 9662
81.9086 9673
81.9591 9684
82.0095 9695
82.0599 9706
82.1104 9717
82.1608 9728
82.2112 9739
82.2617 9750
82.3121 9761
82.3625 9772
82.413 9783
82.4634 9794
82.5138 9805
82.5643 9816
82.6147 9827
82.6651 9838
82.7155 9849
82.766 9860
82.8164 9871
82.8668 9882
82.9173 9893
82.9677 9904
83.0181 9915
83.0686 9926
83.119 9937
83.1694 9948
83.2199 9959
83.2703 9970
83.3207 9981
83.3712 9992
83.4216 10003
83.472 10014
83.5225 10025
83.5729 10036
83.6233 10047
83.6738 10058
83.7242 10069
83.7746 10080
83.8251 10091
83.8755 10102
83.9259 10113
83.9763 10124
84.0268 10135
84.0772 10146
84.1276 10157
84.1781 10168
84.2285 10179
84.2789 10190
84.3294 10201
84.3798 10212
84.4302 10223
84.4807 10234
84.5311 10245
84.5815 10256
84.632 10267
84.6824 10278
84.7328 10289
84.7833 10300
84.8337 10311
84.8841 10322
84.9346 10333
84.985 10344
85.0354 10355
85.0859 10366
85.1363 10377
85.1867 10388
85.2371 10399
85.2876 10410
85.338 10421
85.3884 10432
85.4389 10443
85.4893 10454
85.5397 10465
85.5902 10476
85.6406 10487
85.691 10498
85.7415 10509
85.7919 10520
85.8423 10530
85.8928 10540
85.9432 10550
85.9936 10560
86.0441 10570
86.0945 10580
86.1449 10590
86.1954 10600
86.2458 10610
86.2962 10620
86.3467 10630
86.3971 10640
86.4475 10650
86.4979 10660
86.5484 10670
86.5988 10680
86.6492 10690
86.6997 10700
86.7501 10710
86.8005 10720
86.851 10730
86.9014 10740
86.9518 10750
87.0023 10760
87.0527 10770
87.1031 10780
87.1536 10790
87.204 10800
87.2544 10810
87.3049 10820
87.3553 10830
87.4057 10840
87.4562 10850
87.5066 10860
87.557 10870
87.6075 10880
87.6579 10890
87.7083 10900
87.7587 10910
87.8092 10920
87.8596 10930
87.91 10940
87.9605 10950
88.0109 10960
88.0613 10970
88.1118 10980
88.1622 10990
88.2126 11000
88.2631 11010
88.3135 11020
88.3639 11030
88.4144 11040
88.4648 11050
88.5152 11060
88.5657 11070
88.6161 11080
88.6665 11090
88.717 11100
88.7674 11110
88.8178 11120
88.8683 11130
88.9187 11140
88.9691 11150
89.0195 11160
89.07 11170
89.1204 11180
89.1708 11190
89.2213 11200
89.2717 11210
89.3221 11220
89.3726 11230
89.423 11240
89.4734 11250
89.5239 11260
89.5743 11270
89.6247 11280
89.6752 11290
89.7256 11300
89.776 11310
89.8265 11320
89.8769 11330
89.9273 11340
89.9778 11350
90.0282 11360
90.0786 11370
90.1291 11380
90.1795 11390
90.2299 11400
90.2803 11410
90.3308 11420
90.3812 11430
90.4316 11440
90.4821 11450
90.5325 11460
90.5829 11470
90.6334 11480
90.6838 11490
90.7342 11500
90.7847 11510
90.8351 11520
90.8855 11530
90.936 11540
90.9864 11550
91.0368 11560
91.0873 11570
91.1377 11579
91.1881 11588
91.2386 11597
91.289 11606
91.3394 11615
91.3899 11624
91.4403 11633
91.4907 11642
91.5411 11651
91.5916 11660
91.642 11669
91.6924 11678
91.7429 11687
91.7933 11696
91.8437 11705
91.8942 11714
91.9446 11723
91.995 11732
92.0455 11741
92.0959 11750
92.1463 11759
92.1968 11768
92.2472 11777
92.2976 11786
92.3481 11795
92.3985 11804
92.4489 11813
92.4994 11822
92.5498 11831
92.6002 11840
92.6507 11849
92.7011 11858
92.7515 11867
92.8019 11876
92.8524 11885
92.9028 11894
92.9532 11903
93.0037 11912
93.0541 11921
93.1045 11930
93.155 11939
93.2054 11948
93.2558 11957
93.3063 11966
93.3567 11975
93.4071 11984
93.4576 11993
93.508 12002
93.5584 12011
93.6089 12020
93.6593 12029
93.7097 12038
93.7602 12047
93.8106 12056
93.861 12065
93.9115 12074
93.9619 12083
94.0123 12092
94.0627 12101
94.1132 12110
94.1636 12119
94.214 12128
94.2645 12137
94.3149 12146
94.3653 12155
94.4158 12164
94.4662 12173
94.5166 12182
94.5671 12191
94.6175 12200
94.6679 12209
94.7184 12218
94.7688 12227
94.8192 12236
94.8697 12245
94.9201 12254
94.9705 12263
95.021 12272
95.0714 12281
95.1218 12290
95.1723 12299
95.2227 12308
95.2731 12317
95.3235 12326
95.374 12335
95.4244 12344
95.4748 12353
95.5253 12362
95.5757 12371
95.6261 12380
95.6766 12389
95.727 12398
95.7774 12407
95.8279 12416
95.8783 12425
95.9287 12434
95.9792 12443
96.0296 12452
96.08 12461
96.1305 12470
96.1809 12479
96.2313 12488
96.2818 12497
96.3322 12506
96.3826 12515
96.4331 12524
96.4835 12533
96.5339 12542
96.5843 12551
96.6348 12560
96.6852 12569
96.7356 12578
96.7861 12587
96.8365 12596
96.8869 12605
96.9374 12614
96.9878 12623
97.0382 12632
97.0887 12641
97.1391 12650
97.1895 12659
97.24 12668
97.2904 12677
97.3408 12686
97.3913 12695
97.4417 12704
97.4921 12713
97.5426 12722
97.593 12731
97.6434 12740
97.6939 12749
97.7443 12758
97.7947 12767
97.8451 12776
97.8956 12785
97.946 12794
97.9964 12803
98.0469 12812
98.0973 12821
98.1477 12830
98.1982 12839
98.2486 12848
98.299 12856
98.3495 12864
98.3999 12872
98.4503 12880
98.5008 12888
98.5512 12896
98.6016 12904
98.6521 12912
98.7025 12920
98.7529 12928
98.8034 12936
98.8538 12944
98.9042 12952
98.9547 12960
99.0051 12968
99.0555 12976
99.1059 12984
99.1564 12992
99.2068 13000
99.2572 13008
99.3077 13016
99.3581 13024
99.4085 13032
99.459 13040
99.5094 13048
99.5598 13056
99.6103 13064
99.6607 13072
99.7111 13080
99.7616 13088
99.812 13096
99.8624 13104
99.9129 13112
99.9633 13120
100.014 13128
100.064 13136
100.115 13144
100.165 13152
100.215 13160
100.266 13168
100.316 13176
100.367 13184
100.417 13192
100.468 13200
100.518 13208
100.568 13216
100.619 13224
100.669 13232
100.72 13240
100.77 13248
100.821 13256
100.871 13264
100.921 13272
100.972 13280
101.022 13288
101.073 13296
101.123 13304
101.174 13312
101.224 13320
101.275 13328
101.325 13336
101.375 13344
101.426 13352
101.476 13360
101.527 13368
101.577 13376
101.628 13384
101.678 13392
101.728 13400
101.779 13408
101.829 13416
101.88 13424
101.93 13432
101.981 13440
102.031 13448
102.081 13456
102.132 13464
102.182 13472
102.233 13480
102.283 13488
102.334 13496
102.384 13504
102.434 13512
102.485 13520
102.535 13528
102.586 13536
102.636 13544
102.687 13552
102.737 13560
102.787 13568
102.838 13576
102.888 13584
102.939 13592
102.989 13600
103.04 13608
103.09 13616
103.141 13624
103.191 13632
103.241 13640
103.292 13648
103.342 13656
103.393 13664
103.443 13672
103.494 13680
103.544 13688
103.594 13696
103.645 13704
103.695 13712
103.746 13720
103.796 13728
103.847 13736
103.897 13744
103.947 13752
103.998 13760
104.048 13768
104.099 13776
104.149 13784
104.2 13792
104.25 13800
104.3 13808
104.351 13816
104.401 13824
104.452 13832
104.502 13840
104.553 13848
104.603 13856
104.653 13864
104.704 13872
104.754 13880
104.805 13888
104.855 13896
104.906 13904
104.956 13912
105.006 13920
105.057 13928
105.107 13936
105.158 13944
105.208 13952
105.259 13960
105.309 13968
105.36 13976
105.41 13984
105.46 13992
105.511 14000
105.561 14008
105.612 14016
105.662 14024
105.713 14032
105.763 14040
105.813 14048
105.864 14056
105.914 14064
105.965 14072
106.015 14080
106.066 14088
106.116 14096
106.166 14104
106.217 14112
106.267 14120
106.318 14128
106.368 14136
106.419 14144
106.469 14152
106.519 14160
106.57 14168
106.62 14176
106.671 14184
106.721 14192
106.772 14200
106.822 14208
106.872 14216
106.923 14224
106.973 14232
107.024 14240
107.074 14248
107.125 14256
107.175 14264
107.225 14272
107.276 14280
107.326 14288
107.377 14296
107.427 14304
107.478 14312
107.528 14320
107.579 14328
107.629 14336
107.679 14344
107.73 14352
107.78 14360
107.831 14368
107.881 14376
107.932 14384
107.982 14392
108.032 14400
108.083 14408
108.133 14416
108.184 14424
108.234 14432
108.285 14440
108.335 14448
108.385 14456
108.436 14463
108.486 14470
108.537 14477
108.587 14484
108.638 14491
108.688 14498
108.738 14505
108.789 14512
108.839 14519
108.89 14526
108.94 14533
108.991 14540
109.041 14547
109.091 14554
109.142 14561
109.192 14568
109.243 14575
109.293 14582
109.344 14589
109.394 14596
109.445 14603
109.495 14610
109.545 14617
109.596 14624
109.646 14631
109.697 14638
109.747 14645
109.798 14652
109.848 14659
109.898 14666
109.949 14673
109.999 14680
110.05 14687
110.1 14694
110.151 14701
110.201 14708
110.251 14715
110.302 14722
110.352 14729
110.403 14736
110.453 14743
110.504 14750
110.554 14757
110.604 14764
110.655 14771
110.705 14778
110.756 14785
110.806 14792
110.857 14799
110.907 14806
110.957 14813
111.008 14820
111.058 14827
111.109 14834
111.159 14841
111.21 14848
111.26 14855
111.31 14862
111.361 14869
111.411 14876
111.462 14883
111.512 14890
111.563 14897
111.613 14904
111.664 14911
111.714 14918
111.764 14925
111.815 14932
111.865 14939
111.916 14946
111.966 14953
112.017 14960
112.067 14967
112.117 14974
112.168 14981
112.218 14988
112.269 14995
112.319 15002
112.37 15009
112.42 15016
112.47 15023
112.521 15030
112.571 15037
112.622 15044
112.672 15051
112.723 15058
112.773 15065
112.823 15072
112.874 15079
112.924 15086
112.975 15093
113.025 15100
113.076 15107
113.126 15114
113.176 15121
113.227 15128
113.277 15135
113.328 15142
113.378 15149
113.429 15156
113.479 15163
113.529 15170
113.58 15177
113.63 15184
113.681 15191
113.731 15198
113.782 15205
113.832 15212
113.883 15219
113.933 15226
113.983 15233
114.034 15240
114.084 15247
114.135 15254
114.185 15261
114.236 15268
114.286 15275
114.336 15282
114.387 15289
114.437 15296
114.488 15303
114.538 15310
114.589 15317
114.639 15324
114.689 15331
114.74 15338
114.79 15345
114.841 15352
114.891 15359
114.942 15366
114.992 15373
115.042 15380
115.093 15387
115.143 15394
115.194 15401
115.244 15408
115.295 15415
115.345 15422
115.395 15429
115.446 15436
115.496 15443
115.547 15450
115.597 15457
115.648 15464
115.698 15471
115.749 15478
115.799 15485
115.849 15492
115.9 15499
115.95 15506
116.001 15513
116.051 15520
116.178 3230
116.681 3265
116.908 3300
116.959 3335
117.009 3369
117.06 3403
117.11 3436
117.161 3469
117.211 3502
117.261 3535
117.312 3567
117.362 3599
117.413 3631
117.463 3662
117.514 3693
117.564 3724
117.614 3755
117.665 3785
117.715 3815
117.766 3845
117.816 3875
117.867 3904
117.917 3933
117.968 3962
118.018 3991
118.068 4019
118.119 4047
118.169 4075
118.22 4103
118.27 4131
118.321 4158
118.371 4185
118.421 4212
118.472 4239
118.522 4266
118.573 4293
118.623 4319
118.674 4345
118.724 4371
118.774 4397
118.825 4423
118.875 4449
118.926 4474
118.976 4499
119.027 4524
119.077 4549
119.127 4574
119.178 4599
119.228 4624
119.279 4649
119.329 4673
119.38 4697
119.43 4721
119.48 4745
119.531 4769
119.581 4793
119.632 4817
119.682 4840
119.733 4863
119.783 4886
119.834 4909
119.884 4932
119.934 4955
119.985 4978
120.035 5001
120.086 5024
120.136 5047
120.187 5069
120.237 5091
120.287 5113
120.338 5135
120.388 5157
120.439 5179
120.489 5201
120.54 5223
120.59 5245
120.64 5267
120.691 5288
120.741 5309
120.792 5330
120.842 5351
120.893 5372
120.943 5393
120.993 5414
121.044 5435
121.094 5456
121.145 5477
121.195 5498
121.246 5519
121.296 5539
121.346 5559
121.397 5579
121.447 5599
121.498 5619
121.548 5639
121.599 5659
121.649 5679
121.699 5699
121.75 5719
121.8 5739
121.851 5759
121.901 5779
121.952 5799
122.002 5818
122.053 5837
122.103 5856
122.153 5875
122.204 5894
122.254 5913
122.305 5932
122.355 5951
122.406 5970
122.456 5989
122.506 6008
122.557 6027
122.607 6046
122.658 6065
122.708 6084
122.759 6103
122.809 6121
122.859 6139
122.91 6157
122.96 6175
123.011 6193
123.061 6211
123.112 6229
123.162 6247
123.212 6265
123.263 6283
123.313 6301
123.364 6319
123.414 6337
123.465 6355
123.515 6373
123.565 6391
123.616 6409
123.666 6427
123.717 6444
123.767 6461
123.818 6478
123.868 6495
123.918 6512
123.969 6529
124.019 6546
124.07 6563
124.12 6580
124.171 6597
124.221 6614
124.272 6631
124.322 6648
124.372 6665
124.423 6682
124.473 6699
124.524 6716
124.574 6733
124.625 6750
124.675 6767
124.725 6784
124.776 6801
124.826 6817
124.877 6833
124.927 6849
124.978 6865
125.028 6881
125.078 6897
125.129 6913
125.179 6929
125.23 6945
125.28 6961
125.331 6977
125.381 6993
125.431 7009
125.482 7025
125.532 7041
125.583 7057
125.633 7073
125.684 7089
125.734 7105
125.784 7121
125.835 7137
125.885 7153
125.936 7169
125.986 7185
126.037 7201
126.087 7217
126.138 7233
126.188 7248
126.238 7263
126.289 7278
126.339 7293
126.39 7308
126.44 7323
126.491 7338
126.541 7353
126.591 7368
126.642 7383
126.692 7398
126.743 7413
126.793 7428
126.844 7443
126.894 7458
126.944 7473
126.995 7488
127.045 7503
127.096 7518
127.146 7533
127.197 7548
127.247 7563
127.297 7578
127.348 7593
127.398 7608
127.449 7623
127.499 7638
127.55 7653
127.6 7668
127.65 7683
127.701 7698
127.751 7713
127.802 7727
127.852 7741
127.903 7755
127.953 7769
128.003 7783
128.054 7797
128.104 7811
128.155 7825
128.205 7839
128.256 7853
128.306 7867
128.357 7881
128.407 7895
128.457 7909
128.508 7923
128.558 7937
128.609 7951
128.659 7965
128.71 7979
128.76 7993
128.81 8007
128.861 8021
128.911 8035
128.962 8049
129.012 8063
129.063 8077
129.113 8091
129.163 8105
129.214 8119
129.264 8133
129.315 8147
129.365 8161
129.416 8175
129.466 8189
129.516 8203
129.567 8217
129.617 8231
129.668 8245
129.718 8259
129.769 8272
129.819 8285
129.869 8298
129.92 8311
129.97 8324
130.021 8337
130.071 8350
130.122 8363
130.172 8376
130.222 8389
130.273 8402
130.323 8415
130.374 8428
130.424 8441
130.475 8454
130.525 8467
130.576 8480
130.626 8493
130.676 8506
130.727 8519
130.777 8532
130.828 8545
130.878 8558
130.929 8571
130.979 8584
131.029 8597
131.08 8610
131.13 8623
131.181 8636
131.231 8649
131.282 8662
131.332 8675
131.382 8688
131.433 8701
131.483 8714
131.534 8727
131.584 8740
131.635 8753
131.685 8766
131.735 8779
131.786 8792
131.836 8805
131.887 8818
131.937 8831
131.988 8844
132.038 8857
132.088 8870
132.139 8883
132.189 8896
132.24 8908
132.29 8920
132.341 8932
132.391 8944
132.441 8956
132.492 8968
132.542 8980
132.593 8992
132.643 9004
132.694 9016
132.744 9028
132.795 9040
132.845 9052
132.895 9064
132.946 9076
132.996 9088
133.047 9100
133.097 9112
133.148 9124
133.198 9136
133.248 9148
133.299 9160
133.349 9172
133.4 9184
133.45 9196
133.501 9208
133.551 9220
133.601 9232
133.652 9244
133.702 9256
133.753 9268
133.803 9280
133.854 9292
133.904 9304
133.954 9316
134.005 9328
134.055 9340
134.106 9352
134.156 9364
134.207 9376
134.257 9388
134.307 9400
134.358 9412
134.408 9424
134.459 9436
134.509 9448
134.56 9460
134.61 9472
134.661 9484
134.711 9496
134.761 9508
134.812 9520
134.862 9532
134.913 9544
134.963 9556
135.014 9568
135.064 9580
135.114 9592
135.165 9604
135.215 9616
135.266 9628
135.316 9640
135.367 9651
135.417 9662
135.467 9673
135.518 9684
135.568 9695
135.619 9706
135.669 9717
135.72 9728
135.77 9739
135.82 9750
135.871 9761
135.921 9772
135.972 9783
136.022 9794
136.073 9805
136.123 9816
136.173 9827
136.224 9838
136.274 9849
136.325 9860
136.375 9871
136.426 9882
136.476 9893
136.526 9904
136.577 9915
136.627 9926
136.678 9937
136.728 9948
136.779 9959
136.829 9970
136.88 9981
136.93 9992
136.98 10003
137.031 10014
137.081 10025
137.132 10036
137.182 10047
137.233 10058
137.283 10069
137.333 10080
137.384 10091
137.434 10102
137.485 10113
137.535 10124
137.586 10135
137.636 10146
137.686 10157
137.737 10168
137.787 10179
137.838 10190
137.888 10201
137.939 10212
137.989 10223
138.039 10234
138.09 10245
138.14 10256
138.191 10267
138.241 10278
138.292 10289
138.342 10300
138.392 10311
138.443 10322
138.493 10333
138.544 10344
138.594 10355
138.645 10366
138.695 10377
138.745 10388
138.796 10399
138.846 10410
138.897 10421
138.947 10432
138.998 10443
139.048 10454
139.099 10465
139.149 10476
139.199 10487
139.25 10498
139.3 10509
139.351 10520
139.401 10530
139.452 10540
139.502 10550
139.552 10560
139.603 10570
139.653 10580
139.704 10590
139.754 10600
139.805 10610
139.855 10620
139.905 10630
139.956 10640
140.006 10650
140.057 10660
140.107 10670
140.158 10680
140.208 10690
140.258 10700
140.309 10710
140.359 10720
140.41 10730
140.46 10740
140.511 10750
140.561 10760
140.611 10770
140.662 10780
140.712 10790
140.763 10800
140.813 10810
140.864 10820
140.914 10830
140.965 10840
141.015 10850
141.065 10860
141.116 10870
141.166 10880
141.217 10890
141.267 10900
141.318 10910
141.368 10920
141.418 10930
141.469 10940
141.519 10950
141.57 10960
141.62 10970
141.671 10980
141.721 10990
141.771 11000
141.822 11010
141.872 11020
141.923 11030
141.973 11040
142.024 11050
142.074 11060
142.124 11070
142.175 11080
142.225 11090
142.276 11100
142.326 11110
142.377 11120
142.427 11130
142.477 11140
142.528 11150
142.578 11160
142.629 11170
142.679 11180
142.73 11190
142.78 11200
142.83 11210
142.881 11220
142.931 11230
142.982 11240
143.032 11250
143.083 11260
143.133 11270
143.184 11280
143.234 11290
143.284 11300
143.335 11310
143.385 11320
143.436 11330
143.486 11340
143.537 11350
143.587 11360
143.637 11370
143.688 11380
143.738 11390
143.789 11400
143.839 11410
143.89 11420
143.94 11430
143.99 11440
144.041 11450
144.091 11460
144.142 11470
144.192 11480
144.243 11490
144.293 11500
144.343 11510
144.394 11520
144.444 11530
144.495 11540
144.545 11550
144.596 11560
144.646 11570
144.696 11579
144.747 11588
144.797 11597
144.848 11606
144.898 11615
144.949 11624
144.999 11633
145.049 11642
145.1 11651
145.15 11660
145.201 11669
145.251 11678
145.302 11687
145.352 11696
145.403 11705
145.453 11714
145.503 11723
145.554 11732
145.604 11741
145.655 11750
145.705 11759
145.756 11768
145.806 11777
145.856 11786
145.907 11795
145.957 11804
146.008 11813
146.058 11822
146.109 11831
146.159 11840
146.209 11849
146.26 11858
146.31 11867
146.361 11876
146.411 11885
146.462 11894
146.512 11903
146.562 11912
146.613 11921
146.663 11930
146.714 11939
146.764 11948
146.815 11957
146.865 11966
146.915 11975
146.966 11984
147.016 11993
147.067 12002
147.117 12011
147.168 12020
147.218 12029
147.269 12038
147.319 12047
147.369 12056
147.42 12065
147.47 12074
147.521 12083
147.571 12092
147.622 12101
147.672 12110
147.722 12119
147.773 12128
147.823 12137
147.874 12146
147.924 12155
147.975 12164
148.025 12173
148.075 12182
148.126 12191
148.176 12200
148.227 12209
148.277 12218
148.328 12227
148.378 12236
148.428 12245
148.479 12254
148.529 12263
148.58 12272
148.63 12281
148.757 3230
149.261 3265
149.488 3300
149.538 3335
149.588 3369
149.639 3403
149.689 3436
149.74 3469
149.79 3502
149.841 3535
149.891 3567
149.941 3599
149.992 3631
150.042 3662
150.093 3693
150.143 3724
150.194 3755
150.244 3785
150.294 3815
150.345 3845
150.395 3875
150.446 3904
150.496 3933
150.547 3962
150.597 3991
150.647 4019
150.698 4047
150.748 4075
150.799 4103
150.849 4131
150.9 4158
150.95 4185
151 4212
151.051 4239
151.101 4266
151.152 4293
151.202 4319
151.253 4345
151.303 4371
151.353 4397
151.404 4423
151.454 4449
151.505 4474
151.555 4499
151.606 4524
151.656 4549
151.707 4574
151.757 4599
151.807 4624
151.858 4649
151.908 4673
151.959 4697
152.009 4721
152.06 4745
152.11 4769
152.16 4793
152.211 4817
152.261 4840
152.312 4863
152.362 4886
152.413 4909
152.463 4932
152.513 4955
152.564 4978
152.614 5001
152.665 5024
152.715 5047
152.766 5069
152.816 5091
152.866 5113
152.917 5135
152.967 5157
153.018 5179
153.068 5201
153.119 5223
153.22 2210
153.573 2262
153.623 2313
153.673 2362
153.724 2410
153.774 2457
153.825 2504
153.875 2550
153.926 2595
153.976 2639
154.026 2682
154.077 2725
154.127 2767
154.178 2808
154.228 2849
154.279 2889
154.329 2929
154.379 2968
154.43 3006
154.48 3044
154.531 3081
154.581 3118
154.632 3155
154.682 3191
154.732 3227
154.783 3262
154.833 3297
154.884 3332
154.934 3366
154.985 3400
155.035 3434
155.085 3467
155.136 3500
155.186 3533
155.237 3565
155.287 3597
155.338 3629
155.388 3660
155.438 3691
155.489 3722
155.539 3753
155.59 3783
155.64 3813
155.691 3843
155.741 3873
155.792 3902
155.842 3931
155.892 3960
155.943 3989
155.993 4017
156.044 4045
156.094 4073
156.145 4101
156.195 4129
156.245 4156
156.296 4183
156.346 4210
156.397 4237
156.447 4264
156.498 4291
156.548 4317
156.598 4343
156.649 4369
156.699 4395
156.75 4421
156.8 4447
156.851 4472
156.901 4497
156.951 4522
157.002 4547
157.052 4572
157.103 4597
157.153 4622
157.204 4647
157.33 1870
157.632 1931
157.683 1990
157.733 2048
157.796 2104
157.846 2158
157.897 2211
157.947 2263
157.997 2314
158.048 2363
158.098 2411
158.149 2458
158.199 2505
158.25 2551
158.3 2596
158.35 2640
158.401 2683
158.451 2726
158.502 2768
158.552 2809
158.603 2850
158.653 2890
158.704 2930
158.754 2969
158.804 3007
158.855 3045
158.905 3082
158.956 3119
159.006 3156
159.057 3192
159.107 3228
159.157 3263
159.208 3298
159.258 3333
159.309 3367
159.359 3401
159.41 3434
159.46 3467
159.51 3500
159.561 3533
159.611 3565
159.662 3597
159.712 3629
159.763 3660
159.813 3691
159.863 3722
159.914 3753
159.964 3783
160.015 3813
160.065 3843
160.116 3873
160.166 3902
160.216 3931
160.267 3960
160.317 3989
160.368 4017
160.418 4045
160.469 4073
160.519 4101
160.57 4129
160.62 4156
160.67 4183
160.721 4210
160.771 4237
160.822 4264
160.872 4291
160.923 4317
160.973 4343
161.023 4369
161.074 4395
161.124 4421
161.175 4447
161.225 4472
161.276 4497
161.326 4522
161.376 4547
161.427 4572
161.477 4597
161.528 4622
161.578 4647
161.629 4671
161.679 4695
161.729 4719
161.78 4743
161.83 4767
161.881 4791
161.931 4815
161.982 4839
162.032 4862
162.082 4885
162.133 4908
162.183 4931
162.234 4954
162.284 4977
162.335 5000
162.385 5023
162.435 5046
162.486 5068
162.536 5090
162.587 5112
162.637 5134
162.688 5156
162.738 5178
162.789 5200
162.839 5222
162.889 5244
162.94 5266
162.99 5287
163.041 5308
163.142 2210
163.495 2262
163.545 2313
163.595 2362
163.646 2410
163.696 2457
163.747 2504
163.797 2550
163.848 2595
163.898 2639
163.948 2682
164.05 850
164.201 986
164.314 1103
164.453 1207
164.566 1302
164.679 1390
164.792 1473
164.842 1551
164.93 1625
164.98 1696
165.068 1764
165.119 1829
165.206 1892
165.257 1953
165.319 2012
165.37 2069
165.433 2124
165.483 2178
165.533 2231
165.584 2282
165.634 2332
165.685 2381
165.735 2429
165.786 2476
165.836 2522
165.886 2567
165.937 2612
165.987 2656
166.038 2699
166.088 2741
166.139 2783
166.189 2824
166.239 2864
166.29 2904
166.34 2943
166.391 2982
166.441 3020
166.492 3058
166.542 3095
166.592 3132
166.643 3168
166.693 3204
166.744 3240
166.794 3275
166.845 3310
166.895 3344
166.945 3378
166.996 3412
167.046 3445
167.097 3478
167.147 3511
167.198 3543
167.248 3575
167.299 3607
167.349 3639
167.399 3670
167.45 3701
167.5 3732
167.551 3762
167.601 3792
167.652 3822
167.702 3852
167.752 3882
167.803 3911
167.853 3940
167.904 3969
167.954 3998
168.005 4026
168.055 4054
168.105 4082
168.156 4110
168.206 4138
168.257 4165
168.307 4192
168.358 4219
168.408 4246
168.458 4273
168.509 4300
168.559 4326
168.61 4352
168.66 4378
168.711 4404
168.761 4430
168.811 4456
168.862 4481
168.912 4506
168.963 4531
169.013 4556
169.064 4581
169.114 4606
169.164 4631
169.215 4655
169.265 4679
169.316 4703
169.366 4727
169.417 4751
169.467 4775
169.518 4799
169.568 4823
169.618 4846
169.669 4869
169.719 4892
169.77 4915
169.82 4938
169.871 4961
169.921 4984
169.971 5007
170.022 5030
170.072 5052
170.123 5074
170.173 5096
170.224 5118
170.274 5140
170.324 5162
170.375 5184
170.425 5206
170.476 5228
170.526 5250
170.577 5272
170.627 5293
170.677 5314
170.728 5335
170.778 5356
170.829 5377
170.879 5398
170.93 5419
170.98 5440
171.03 5461
171.081 5482
171.131 5503
171.182 5524
171.232 5544
171.283 5564
171.333 5584
171.383 5604
171.434 5624
171.484 5644
171.535 5664
171.585 5684
171.636 5704
171.686 5724
171.737 5744
171.787 5764
171.837 5784
171.888 5803
171.938 5822
171.989 5841
172.039 5860
172.09 5879
172.14 5898
172.19 5917
172.241 5936
172.291 5955
172.342 5974
172.392 5993
172.443 6012
172.493 6031
172.543 6050
172.594 6069
172.644 6088
172.695 6106
172.745 6124
172.796 6142
172.846 6160
172.896 6178
172.947 6196
172.997 6214
173.048 6232
173.098 6250
173.149 6268
173.199 6286
173.249 6304
173.3 6322
173.35 6340
173.401 6358
173.451 6376
173.502 6394
173.552 6412
173.603 6430
173.653 6447
173.703 6464
173.754 6481
173.804 6498
173.855 6515
173.905 6532
173.956 6549
174.006 6566
174.056 6583
174.107 6600
174.157 6617
174.208 6634
174.258 6651
174.309 6668
174.359 6685
174.409 6702
174.46 6719
174.51 6736
174.561 6753
174.611 6770
174.662 6787
174.712 6804
174.762 6820
174.813 6836
174.863 6852
174.914 6868
174.964 6884
175.015 6900
175.065 6916
175.115 6932
175.166 6948
175.216 6964
175.267 6980
175.317 6996
175.368 7012
175.418 7028
175.468 7044
175.519 7060
175.569 7076
175.62 7092
175.67 7108
175.721 7124
175.771 7140
175.822 7156
175.872 7172
175.922 7188
175.973 7204
176.023 7220
176.074 7236
176.124 7251
176.175 7266
176.225 7281
176.275 7296
176.326 7311
176.376 7326
176.427 7341
176.477 7356
176.528 7371
176.578 7386
176.628 7401
176.679 7416
176.729 7431
176.78 7446
176.83 7461
176.881 7476
176.931 7491
176.981 7506
177.032 7521
177.082 7536
177.133 7551
177.183 7566
177.234 7581
177.284 7596
177.334 7611
177.385 7626
177.435 7641
177.486 7656
177.536 7671
177.587 7686
177.637 7701
177.687 7716
177.738 7730
177.788 7744
177.839 7758
177.889 7772
177.94 7786
177.99 7800
178.041 7814
178.091 7828
178.141 7842
178.192 7856
178.242 7870
178.293 7884
178.343 7898
178.394 7912
178.444 7926
178.494 7940
178.545 7954
178.595 7968
178.646 7982
178.696 7996
178.747 8010
178.797 8024
178.847 8038
178.898 8052
178.948 8066
178.999 8080
179.049 8094
179.1 8108
179.15 8122
179.2 8136
179.251 8150
179.301 8164
179.352 8178
179.402 8192
179.453 8206
179.503 8220
179.553 8234
179.604 8248
179.654 8262
179.705 8275
179.755 8288
179.806 8301
179.856 8314
179.907 8327
179.957 8340
180.007 8353
180.058 8366
180.108 8379
180.159 8392
180.209 8405
180.26 8418
180.31 8431
180.36 8444
180.411 8457
180.461 8470
180.512 8483
180.562 8496
180.613 8509
180.663 8522
180.713 8535
180.764 8548
180.814 8561
180.865 8574
180.915 8587
180.966 8600
181.016 8613
181.066 8626
181.117 8639
181.167 8652
181.218 8665
181.268 8678
181.319 8691
181.369 8704
181.419 8717
181.47 8730
181.52 8743
181.571 8756
181.621 8769
181.672 8782
181.722 8795
181.772 8808
181.823 8821
181.873 8834
181.974 8847
182.025 8860
182.075 8873
182.126 8886
182.176 8899
182.226 8911
182.277 8923
182.327 8935
182.378 8947
182.428 8959
182.479 8971
182.529 8983
182.579 8995
182.63 9007
182.68 9019
182.731 9031
182.781 9043
182.832 9055
182.882 9067
182.932 9079
182.983 9091
183.033 9103
183.084 9115
183.134 9127
183.185 9139
183.235 9151
183.285 9163
183.336 9175
183.386 9187
183.437 9199
183.487 9211
183.538 9223
183.588 9235
183.638 9247
183.689 9259
183.739 9271
183.79 9283
183.84 9295
183.891 9307
183.941 9319
183.991 9331
184.042 9343
184.092 9355
184.143 9367
184.193 9379
184.244 9391
184.294 9403
184.345 9415
184.395 9427
184.445 9439
184.496 9451
184.546 9463
184.597 9475
184.647 9487
184.698 9499
184.748 9511
184.798 9523
184.849 9535
184.899 9547
184.95 9559
185 9571
185.051 9583
185.101 9595
185.151 9607
185.202 9619
185.303 3400
185.832 3434
186.084 3467
186.135 3500
186.185 3533
186.236 3565
186.286 3597
186.337 3629
186.387 3660
186.437 3691
186.488 3722
186.538 3753
186.589 3783
186.639 3813
186.69 3843
186.74 3873
186.79 3902
186.841 3931
186.891 3960
186.942 3989
186.992 4017
187.043 4045
187.093 4073
187.143 4101
187.194 4129
187.244 4156
187.295 4183
187.345 4210
187.396 4237
187.446 4264
187.497 4291
187.547 4317
187.597 4343
187.648 4369
187.698 4395
187.749 4421
187.799 4447
187.85 4472
187.9 4497
187.95 4522
188.001 4547
188.051 4572
188.102 4597
188.152 4622
188.203 4647
188.253 4671
188.303 4695
188.354 4719
188.404 4743
188.455 4767
188.505 4791
188.556 4815
188.606 4839
188.656 4862
188.707 4885
188.757 4908
188.808 4931
188.858 4954
188.909 4977
188.959 5000
189.009 5023
189.06 5046
189.11 5068
189.161 5090
189.211 5112
189.262 5134
189.312 5156
189.363 5178
189.413 5200
189.463 5222
189.514 5244
189.564 5266
189.615 5287
189.665 5308
189.716 5329
189.766 5350
189.816 5371
189.867 5392
189.917 5413
189.968 5434
190.018 5455
190.069 5476
190.119 5497
190.169 5518
190.22 5538
190.27 5558
190.321 5578
190.371 5598
190.422 5618
190.472 5638
190.522 5658
190.573 5678
190.623 5698
190.674 5718
190.724 5738
190.775 5758
190.825 5778
190.875 5798
190.926 5817
190.976 5836
191.027 5855
191.077 5874
191.128 5893
191.178 5912
191.228 5931
191.279 5950
191.329 5969
191.38 5988
191.43 6007
191.481 6026
191.531 6045
191.582 6064
191.632 6083
191.682 6102
191.733 6120
191.783 6138
191.834 6156
191.884 6174
191.935 6192
191.985 6210
192.035 6228
192.086 6246
192.136 6264
192.187 6282
192.237 6300
192.288 6318
192.338 6336
192.388 6354
192.439 6372
192.489 6390
192.54 6408
192.59 6426
192.641 6443
192.691 6460
192.741 6477
192.792 6494
192.842 6511
192.893 6528
192.943 6545
192.994 6562
193.044 6579
193.094 6596
193.145 6613
193.195 6630
193.246 6647
193.296 6664
193.347 6681
193.397 6698
193.447 6715
193.498 6732
193.548 6749
193.599 6766
193.649 6783
193.7 6800
193.75 6817
193.801 6833
193.851 6849
193.901 6865
193.952 6881
194.002 6897
194.053 6913
194.103 6929
194.154 6945
194.204 6961
194.254 6977
194.305 6993
194.355 7009
194.406 7025
194.456 7041
194.507 7057
194.557 7073
194.607 7089
194.658 7105
194.708 7121
194.759 7137
194.809 7153
194.86 7169
194.91 7185
194.96 7201
195.011 7217
195.061 7233
195.112 7248
195.162 7263
195.213 7278
195.263 7293
195.313 7308
195.364 7323
195.414 7338
195.465 7353
195.515 7368
195.566 7383
195.616 7398
195.743 3230
196.246 3265
196.297 3300
196.499 3335
196.549 3369
196.599 3403
196.65 3436
196.7 3469
196.751 3502
196.801 3535
196.852 3567
196.902 3599
196.953 3631
197.003 3662
197.053 3693
197.104 3724
197.154 3755
197.205 3785
197.255 3815
197.306 3845
197.356 3875
197.406 3904
197.457 3933
197.507 3962
197.558 3991
197.608 4019
197.659 4047
197.709 4075
197.759 4103
197.81 4131
197.86 4158
197.911 4185
197.961 4212
198.012 4239
198.062 4266
198.112 4293
198.163 4319
198.213 4345
198.264 4371
198.314 4397
198.365 4423
198.415 4449
198.465 4474
198.516 4499
198.566 4524
198.617 4549
198.667 4574
198.718 4599
198.768 4624
198.819 4649
198.869 4673
198.919 4697
198.97 4721
199.02 4745
199.071 4769
199.121 4793
199.172 4817
199.222 4840
199.272 4863
199.323 4886
199.373 4909
199.424 4932
199.474 4955
199.525 4978
199.575 5001
199.625 5024
199.676 5047
199.726 5069
199.777 5091
199.827 5113
199.878 5135
199.928 5157
199.978 5179
200.029 5201
200.079 5223
200.13 5245
200.18 5267
200.231 5288
200.281 5309
200.331 5330
200.382 5351
200.432 5372
200.483 5393
200.533 5414
200.584 5435
200.634 5456
200.684 5477
200.735 5498
200.785 5519
200.836 5539
200.886 5559
200.937 5579
200.987 5599
201.038 5619
201.088 5639
201.138 5659
201.189 5679
201.239 5699
201.29 5719
201.34 5739
201.391 5759
201.441 5779
201.491 5799
201.542 5818
201.592 5837
201.643 5856
201.693 5875
201.744 5894
201.794 5913
201.844 5932
201.895 5951
201.945 5970
201.996 5989
202.046 6008
202.097 6027
202.147 6046
202.197 6065
202.248 6084
202.298 6103
202.349 6121
202.399 6139
202.45 6157
202.5 6175
202.55 6193
202.601 6211
202.651 6229
202.702 6247
202.752 6265
202.803 6283
202.853 6301
202.903 6319
202.954 6337
203.004 6355
203.055 6373
203.105 6391
203.156 6409
203.206 6427
203.257 6444
203.307 6461
203.357 6478
203.408 6495
203.458 6512
203.509 6529
203.559 6546
203.61 6563
203.66 6580
203.71 6597
203.761 6614
203.811 6631
203.862 6648
203.912 6665
203.963 6682
204.013 6699
204.063 6716
204.114 6733
204.164 6750
204.215 6767
204.265 6784
204.316 6801
204.366 6817
204.416 6833
204.467 6849
204.517 6865
204.568 6881
204.618 6897
204.669 6913
204.719 6929
204.769 6945
204.82 6961
204.87 6977
204.921 6993
204.971 7009
205.022 7025
205.072 7041
205.123 7057
205.173 7073
205.223 7089
205.274 7105
205.324 7121
205.375 7137
205.425 7153
205.476 7169
205.526 7185
205.576 7201
205.627 7217
205.677 7233
205.728 7248
205.778 7263
205.829 7278
205.879 7293
205.929 7308
205.98 7323
206.03 7338
206.081 7353
206.131 7368
206.182 7383
206.232 7398
206.282 7413
206.333 7428
206.383 7443
206.434 7458
206.484 7473
206.535 7488
206.585 7503
206.635 7518
206.686 7533
206.736 7548
206.787 7563
206.837 7578
206.888 7593
206.938 7608
206.988 7623
207.039 7638
207.089 7653
207.14 7668
207.19 7683
207.241 7698
207.291 7713
207.342 7727
207.392 7741
207.442 7755
207.493 7769
207.543 7783
207.594 7797
207.644 7811
207.695 7825
207.745 7839
207.795 7853
207.846 7867
207.896 7881
207.947 7895
207.997 7909
208.048 7923
208.098 7937
208.148 7951
208.199 7965
208.249 7979
208.3 7993
208.35 8007
208.401 8021
208.451 8035
208.501 8049
208.552 8063
208.602 8077
208.653 8091
208.703 8105
208.754 8119
208.804 8133
208.854 8147
208.905 8161
208.955 8175
209.006 8189
209.056 8203
209.107 8217
209.157 8231
209.207 8245
209.258 8259
209.308 8272
209.359 8285
209.409 8298
209.46 8311
209.51 8324
209.561 8337
209.611 8350
209.661 8363
209.712 8376
209.762 8389
209.813 8402
209.863 8415
209.914 8428
209.964 8441
210.014 8454
210.065 8467
210.115 8480
210.166 8493
210.216 8506
210.267 8519
210.317 8532
210.367 8545
210.418 8558
210.468 8571
210.519 8584
210.569 8597
210.62 8610
210.67 8623
210.72 8636
210.771 8649
210.821 8662
210.872 8675
210.922 8688
210.973 8701
211.023 8714
211.073 8727
211.124 8740
211.174 8753
211.225 8766
211.275 8779
211.326 8792
211.376 8805
211.427 8818
211.477 8831
211.527 8844
211.578 8857
211.628 8870
211.679 8883
211.729 8896
211.78 8908
211.83 8920
211.88 8932
211.931 8944
211.981 8956
212.032 8968
212.082 8980
212.133 8992
212.183 9004
212.233 9016
212.284 9028
212.334 9040
212.385 9052
212.435 9064
212.486 9076
212.536 9088
212.586 9100
212.637 9112
212.687 9124
212.738 9136
212.788 9148
212.839 9160
212.889 9172
212.939 9184
212.99 9196
213.04 9208
213.091 9220
213.141 9232
213.192 9244
213.242 9256
213.292 9268
213.343 9280
213.393 9292
213.444 9304
213.494 9316
213.545 9328
213.595 9340
213.646 9352
213.696 9364
213.746 9376
213.797 9388
213.847 9400
213.898 9412
213.948 9424
213.999 9436
214.049 9448
214.099 9460
214.15 9472
214.2 9484
214.251 9496
214.301 9508
214.352 9520
214.402 9532
214.452 9544
214.503 9556
214.553 9568
214.604 9580
214.654 9592
214.705 9604
214.755 9616
214.805 9628
214.856 9640
214.906 9651
214.957 9662
215.007 9673
215.058 9684
215.108 9695
215.158 9706
215.209 9717
215.259 9728
215.31 9739
215.36 9750
215.411 9761
215.461 9772
215.511 9783
215.562 9794
215.612 9805
215.663 9816
215.713 9827
215.764 9838
215.814 9849
215.865 9860
215.915 9871
215.965 9882
216.016 9893
216.066 9904
216.117 9915
216.167 9926
216.218 9937
216.268 9948
216.318 9959
216.369 9970
216.419 9981
216.47 9992
216.52 10003
216.571 10014
216.621 10025
216.671 10036
216.722 10047
216.772 10058
216.823 10069
216.873 10080
216.924 10091
216.974 10102
217.024 10113
217.075 10124
217.125 10135
217.176 10146
217.226 10157
217.277 10168
217.327 10179
217.377 10190
217.428 10201
217.478 10212
217.529 10223
217.579 10234
217.63 10245
217.68 10256
217.731 10267
217.781 10278
217.831 10289
217.882 10300
217.932 10311
217.983 10322
218.033 10333
218.084 10344
218.134 10355
218.184 10366
218.235 10377
218.285 10388
218.336 10399
218.386 10410
218.437 10421
218.487 10432
218.537 10443
218.588 10454
218.638 10465
218.689 10476
218.739 10487
218.79 10498
218.84 10509
218.89 10520
218.941 10530
218.991 10540
219.042 10550
219.092 10560
219.143 10570
219.193 10580
219.243 10590
219.294 10600
219.344 10610
219.395 10620
219.445 10630
219.496 10640
219.546 10650
219.596 10660
219.647 10670
219.697 10680
219.748 10690
219.798 10700
219.849 10710
219.899 10720
219.95 10730
220 10740
220.05 10750
220.101 10760
220.151 10770
220.202 10780
220.252 10790
220.303 10800
220.353 10810
220.403 10820
220.454 10830
220.504 10840
220.555 10850
220.605 10860
220.656 10870
220.706 10880
220.756 10890
220.807 10900
220.857 10910
220.908 10920
220.958 10930
221.009 10940
221.059 10950
221.109 10960
221.16 10970
221.21 10980
221.261 10990
221.311 11000
221.362 11010
221.412 11020
221.462 11030
221.513 11040
221.563 11050
221.614 11060
221.664 11070
221.715 11080
221.765 11090
221.815 11100
221.866 11110
221.916 11120
221.967 11130
222.017 11140
222.068 11150
222.118 11160
222.169 11170
222.219 11180
222.269 11190
222.32 11200
222.37 11210
222.421 11220
222.471 11230
222.522 11240
222.572 11250
222.622 11260
222.673 11270
222.723 11280
222.824 11290
222.875 11300
222.925 11310
222.975 11320
223.026 11330
223.076 11340
223.127 11350
223.177 11360
223.228 11370
223.278 11380
223.328 11390
223.379 11400
223.429 11410
223.48 11420
223.53 11430
223.581 11440
223.631 11450
223.681 11460
223.732 11470
223.782 11480
223.833 11490
223.883 11500
223.934 11510
223.984 11520
224.035 11530
224.085 11540
224.135 11550
224.186 11560
224.236 11570
224.287 11579
224.337 11588
224.388 11597
224.438 11606
224.488 11615
224.539 11624
224.589 11633
224.64 11642
224.69 11651
224.741 11660
224.791 11669
224.841 11678
224.892 11687
224.942 11696
224.993 11705
225.043 11714
225.094 11723
225.144 11732
225.194 11741
225.245 11750
225.295 11759
225.346 11768
225.396 11777
225.447 11786
225.497 11795
225.547 11804
225.598 11813
225.648 11822
225.699 11831
225.749 11840
225.8 11849
225.85 11858
225.9 11867
225.951 11876
226.001 11885
226.052 11894
226.102 11903
226.153 11912
226.203 11921
226.254 11930
226.304 11939
226.354 11948
226.405 11957
226.455 11966
226.506 11975
226.556 11984
226.607 11993
226.657 12002
226.707 12011
226.758 12020
226.808 12029
226.859 12038
226.909 12047
226.96 12056
227.01 12065
227.06 12074
227.111 12083
227.161 12092
227.212 12101
227.262 12110
227.313 12119
227.363 12128
227.413 12137
227.464 12146
227.514 12155
227.565 12164
227.615 12173
227.666 12182
227.716 12191
227.766 12200
227.817 12209
227.867 12218
227.918 12227
227.968 12236
228.019 12245
228.069 12254
228.119 12263
228.17 12272
228.22 12281
228.271 12290
228.321 12299
228.372 12308
228.422 12317
228.473 12326
228.523 12335
228.573 12344
228.624 12353
228.674 12362
228.725 12371
228.775 12380
228.826 12389
228.876 12398
228.926 12407
228.977 12416
229.027 12425
229.078 12434
229.128 12443
229.179 12452
229.229 12461
229.279 12470
229.33 12479
229.38 12488
229.431 12497
229.481 12506
229.532 12515
229.582 12524
229.632 12533
229.683 12542
229.733 12551
229.784 12560
229.834 12569
229.885 12578
229.935 12587
229.985 12596
230.036 12605
230.086 12614
230.137 12623
230.187 12632
230.238 12641
230.288 12650
230.339 12659
230.389 12668
230.439 12677
230.49 12686
230.54 12695
230.591 12704
230.641 12713
230.692 12722
230.742 12731
230.792 12740
230.843 12749
230.893 12758
230.944 12767
230.994 12776
231.045 12785
231.095 12794
231.145 12803
231.196 12812
231.246 12821
231.297 12830
231.347 12839
231.398 12848
231.448 12856
231.498 12864
231.549 12872
231.599 12880
231.65 12888
231.7 12896
231.751 12904
231.801 12912
231.851 12920
231.902 12928
231.952 12936
232.003 12944
232.053 12952
232.104 12960
232.154 12968
232.204 12976
232.255 12984
232.305 12992
232.356 13000
232.406 13008
232.457 13016
232.507 13024
232.558 13032
232.608 13040
232.658 13048
232.709 13056
232.759 13064
232.81 13072
232.86 13080
232.911 13088
232.961 13096
233.011 13104
233.062 13112
233.112 13120
233.163 13128
233.213 13136
233.264 13144
233.314 13152
233.364 13160
233.415 13168
233.465 13176
233.516 13184
233.566 13192
233.617 13200
233.667 13208
233.717 13216
233.768 13224
233.818 13232
233.869 13240
233.919 13248
233.97 13256
234.02 13264
234.07 13272
234.121 13280
234.171 13288
234.222 13296
234.272 13304
234.323 13312
234.373 13320
234.423 13328
234.474 13336
234.524 13344
234.575 13352
234.676 3400
235.205 3434
235.457 3467
235.508 3500
235.558 3533
235.609 3565
235.659 3597
235.71 3629
235.76 3660
235.81 3691
235.861 3722
235.911 3753
235.962 3783
236.012 3813
236.063 3843
236.113 3873
236.163 3902
236.214 3931
236.264 3960
236.315 3989
236.365 4017
236.416 4045
236.466 4073
236.516 4101
236.567 4129
236.617 4156
236.668 4183
236.718 4210
236.769 4237
236.819 4264
236.869 4291
236.92 4317
236.97 4343
237.021 4369
237.071 4395
237.122 4421
237.172 4447
237.222 4472
237.273 4497
237.323 4522
237.374 4547
237.424 4572
237.475 4597
237.525 4622
237.575 4647
