60.1976 85
60.2481 95
60.2985 110
60.3489 130
60.3994 153
60.4498 180
60.5002 195
60.5507 209
60.6011 220
60.6515 237
60.702 251
60.7524 264
60.8028 281
60.8533 297
60.9037 310
60.9541 328
61.0046 343
61.055 357
61.1054 375
61.1558 391
61.2063 406
61.2567 424
61.3071 440
61.3576 455
61.408 474
61.4584 490
61.5089 504
61.5593 517
61.6097 528
61.6602 537
61.7106 546
61.761 553
61.8115 560
61.8619 565
61.9123 570
61.9628 574
62.0132 578
62.0636 582
62.1141 585
62.1645 587
62.2149 589
62.2654 591
62.3158 593
62.3662 594
62.4166 596
62.4671 597
62.5175 598
62.5679 599
62.6184 599
62.6688 600
62.7192 601
62.7697 601
62.8201 602
62.8705 602
62.921 602
62.9714 603
63.0218 603
63.0723 603
63.1227 603
63.1731 603
63.2236 604
63.274 604
63.3244 604
63.3749 604
63.4253 604
63.4757 604
63.5262 604
63.5766 604
63.627 604
63.6774 604
63.7279 604
63.7783 604
63.8287 604
63.8792 605
63.9296 605
63.98 605
64.0305 605
64.0809 605
64.1313 605
64.1818 605
64.2322 605
64.2826 605
64.3331 605
64.3835 605
64.4339 605
64.4844 605
64.5348 605
64.5852 605
64.6357 605
64.6861 605
64.7365 605
64.787 605
64.8374 605
64.8878 605
64.9382 605
64.9887 605
65.0391 605
65.0895 605
65.14 605
65.1904 605
65.2408 605
65.2913 605
65.3417 605
65.3921 605
65.4426 605
65.493 605
65.5434 605
65.5939 605
65.6443 605
65.6947 605
65.7452 605
65.7956 605
65.846 605
65.8965 605
65.9469 605
65.9973 605
66.0478 605
66.0982 605
66.1486 605
66.199 605
66.2495 605
66.2999 605
66.3503 605
66.4008 605
66.4512 605
66.5016 605
66.5521 605
66.6025 605
66.6529 605
66.7034 605
66.7538 605
66.8042 605
66.8547 605
66.9051 605
66.9555 605
67.006 605
67.0564 605
67.1068 605
67.1573 605
67.2077 605
67.2581 605
67.3086 605
67.359 605
67.4094 605
67.4598 605
67.5103 605
67.5607 605
67.6111 605
67.6616 605
67.712 605
67.7624 605
67.8129 605
67.8633 605
67.9137 605
67.9642 605
68.0146 605
68.065 605
68.1155 605
68.1659 605
68.2163 605
68.2668 605
68.3172 605
68.3676 605
68.4181 605
68.4685 605
68.5189 605
68.5694 605
68.6198 605
68.6702 605
68.7206 605
68.7711 605
68.8215 605
68.8719 605
68.9224 605
68.9728 605
69.0232 605
69.0737 605
69.1241 605
69.1745 605
69.225 605
69.2754 605
69.3258 605
69.3763 605
69.4267 605
69.4771 605
69.5276 605
69.578 605
69.6284 605
69.6789 605
69.7293 605
69.7797 605
69.8302 605
69.8806 605
69.931 605
69.9814 605
70.0319 605
70.0823 605
70.1327 605
70.1832 605
70.2336 605
70.284 605
70.3345 605
70.3849 605
70.4353 605
70.4858 605
70.5362 605
70.5866 605
70.6371 605
70.6875 605
70.7379 605
70.7884 605
70.8388 605
70.8892 605
70.9397 605
70.9901 605
71.0405 605
71.091 605
71.1414 605
71.1918 605
71.2422 605
71.2927 605
71.3431 605
71.3935 605
71.444 605
71.4944 605
71.5448 605
71.5953 605
71.6457 605
71.6961 605
71.7466 605
71.797 605
71.8474 605
71.8979 605
71.9483 605
71.9987 605
72.0492 605
72.0996 605
72.15 605
72.2005 605
72.2509 605
72.3013 605
72.3518 605
72.4022 605
72.4526 605
72.503 605
72.5535 605
72.6039 605
72.6543 605
72.7048 605
72.7552 605
72.8056 605
72.8561 605
72.9065 605
72.9569 605
73.0074 605
73.0578 605
73.1082 605
73.1587 605
73.2091 605
73.2595 605
73.31 605
73.3604 605
73.4108 605
73.4613 605
73.5117 605
73.5621 605
73.6126 605
73.663 605
73.7134 605
73.7638 605
73.8143 605
73.8647 605
73.9151 605
73.9656 605
74.016 605
74.0664 605
74.1169 605
74.1673 605
74.2177 605
74.2682 605
74.3186 605
74.369 605
74.4195 605
74.4699 605
74.5203 605
74.5708 605
74.6212 605
74.6716 605
74.7221 605
74.7725 605
74.8229 605
74.8734 605
74.9238 605
74.9742 605
75.0246 605
75.0751 605
75.1255 605
75.1759 605
75.2264 605
75.2768 605
75.3272 605
75.3777 605
75.4281 605
75.4785 605
75.529 605
75.5794 605
75.6298 605
75.6803 605
75.7307 605
75.7811 605
75.8316 605
75.882 605
75.9324 605
75.9829 605
76.0333 605
76.0837 605
76.1342 605
76.1846 605
76.235 605
76.2854 605
76.3359 605
76.3863 605
76.4367 605
76.4872 605
76.5376 605
76.588 605
76.6385 605
76.6889 605
76.7393 605
76.7898 605
76.8402 605
76.8906 605
76.9411 605
76.9915 605
77.0419 605
77.0924 605
77.1428 605
77.1932 605
77.2437 605
77.2941 605
77.3445 605
77.395 605
77.4454 605
77.4958 605
77.5462 605
77.5967 605
77.6471 605
77.6975 605
77.748 605
77.7984 605
77.8488 605
77.8993 605
77.9497 605
78.0001 605
78.0506 605
78.101 605
78.1514 605
78.2019 605
78.2523 605
78.3027 605
78.3532 605
78.4036 605
78.454 605
78.5045 605
78.5549 605
78.6053 605
78.6558 605
78.7062 605
78.7566 605
78.807 605
78.8575 605
78.9079 605
78.9583 605
79.0088 605
79.0592 605
79.1096 605
79.1601 605
79.2105 605
79.2609 605
79.3114 605
79.3618 605
79.4122 605
79.4627 605
79.5131 605
79.5635 605
79.614 605
79.6644 605
79.7148 605
79.7653 605
79.8157 605
79.8661 605
79.9166 605
79.967 605
80.0174 605
80.0678 605
80.1183 605
80.1687 605
80.2191 605
80.2696 605
80.32 605
80.3704 605
80.4209 605
80.4713 605
80.5217 605
80.5722 605
80.6226 605
80.673 605
80.7235 605
80.7739 605
80.8243 605
80.8748 605
80.9252 605
80.9756 605
81.0261 605
81.0765 605
81.1269 605
81.1774 605
81.2278 605
81.2782 605
81.3286 605
81.3791 605
81.4295 605
81.4799 605
81.5304 605
81.5808 605
81.6312 605
81.6817 605
81.7321 605
81.7825 605
81.833 605
81.8834 605
81.9338 605
81.9843 605
82.0347 605
82.0851 605
82.1356 605
82.186 605
82.2364 605
82.2869 605
82.3373 605
82.3877 605
82.4382 605
82.4886 605
82.539 605
82.5894 605
82.6399 605
82.6903 605
82.7407 605
82.7912 605
82.8416 605
82.892 605
82.9425 605
82.9929 605
83.0433 605
83.0938 605
83.1442 605
83.1946 605
83.2451 605
83.2955 605
83.3459 605
83.3964 605
83.4468 605
83.4972 605
83.5477 605
83.5981 605
83.6485 605
83.699 605
83.7494 605
83.7998 605
83.8502 605
83.9007 605
83.9511 605
84.0015 605
84.052 605
84.1024 605
84.1528 605
84.2033 605
84.2537 605
84.3041 605
84.3546 605
84.405 605
84.4554 605
84.5059 605
84.5563 605
84.6067 605
84.6572 605
84.7076 605
84.758 605
84.8085 605
84.8589 605
84.9093 605
84.9598 605
85.0102 605
85.0606 605
85.111 605
85.1615 605
85.2119 605
85.2623 605
85.3128 605
85.3632 605
85.4136 605
85.4641 605
85.5145 605
85.5649 605
85.6154 605
85.6658 605
85.7162 605
85.7667 605
85.8171 605
85.8675 605
85.918 605
85.9684 605
86.0188 605
86.0693 605
86.1197 605
86.1701 605
86.2206 605
86.271 605
86.3214 605
86.3718 605
86.4223 605
86.4727 605
86.5231 605
86.5736 605
86.624 605
86.6744 605
86.7249 605
86.7753 605
86.8257 605
86.8762 605
86.9266 605
86.977 605
87.0275 605
87.0779 605
87.1283 605
87.1788 605
87.2292 605
87.2796 605
87.3301 605
87.3805 605
87.4309 605
87.4814 605
87.5318 605
87.5822 605
87.6326 605
87.6831 605
87.7335 605
87.7839 605
87.8344 605
87.8848 605
87.9352 605
87.9857 605
88.0361 605
88.0865 605
88.137 605
88.1874 605
88.2378 605
88.2883 605
88.3387 605
88.3891 605
88.4396 605
88.49 605
88.5404 605
88.5909 605
88.6413 605
88.6917 605
88.7422 605
88.7926 605
88.843 605
88.8934 605
88.9439 605
88.9943 605
89.0447 605
89.0952 605
89.1456 605
89.196 605
89.2465 605
89.2969 605
89.3473 605
89.3978 605
89.4482 605
89.4986 605
89.5491 605
89.5995 605
89.6499 605
89.7004 605
89.7508 605
89.8012 605
89.8517 605
89.9021 605
89.9525 605
90.003 605
90.0534 605
90.1038 605
90.1542 605
90.2047 605
90.2551 605
90.3055 605
90.356 605
90.4064 605
90.4568 605
90.5073 605
90.5577 605
90.6081 605
90.6586 605
90.709 605
90.7594 605
90.8099 605
90.8603 605
90.9107 605
90.9612 605
91.0116 605
91.062 605
91.1125 605
91.1629 605
91.2133 605
91.2638 605
91.3142 605
91.3646 605
91.415 605
91.4655 605
91.5159 605
91.5663 605
91.6168 605
91.6672 605
91.7176 605
91.7681 605
91.8185 605
91.8689 605
91.9194 605
91.9698 605
92.0202 605
92.0707 605
92.1211 605
92.1715 605
92.222 605
92.2724 605
92.3228 605
92.3733 605
92.4237 605
92.4741 605
92.5246 605
92.575 605
92.6254 605
92.6758 605
92.7263 605
92.7767 605
92.8271 605
92.8776 605
92.928 605
92.9784 605
93.0289 605
93.0793 605
93.1297 605
93.1802 605
93.2306 605
93.281 605
93.3315 605
93.3819 605
93.4323 605
93.4828 605
93.5332 605
93.5836 605
93.6341 605
93.6845 605
93.7349 605
93.7854 605
93.8358 605
93.8862 605
93.9366 605
93.9871 605
94.0375 605
94.0879 605
94.1384 605
94.1888 605
94.2392 605
94.2897 605
94.3401 605
94.3905 605
94.441 605
94.4914 605
94.5418 605
94.5923 605
94.6427 605
94.6931 605
94.7436 605
94.794 605
94.8444 605
94.8949 605
94.9453 605
94.9957 605
95.0462 605
95.0966 605
95.147 605
95.1974 605
95.2479 605
95.2983 605
95.3487 605
95.3992 605
95.4496 605
95.5 605
95.5505 605
95.6009 605
95.6513 605
95.7018 605
95.7522 605
95.8026 605
95.8531 605
95.9035 605
95.9539 605
96.0044 605
96.0548 605
96.1052 605
96.1557 605
96.2061 605
96.2565 605
96.307 605
96.3574 605
96.4078 605
96.4582 605
96.5087 605
96.5591 605
96.6095 605
96.66 605
96.7104 605
96.7608 605
96.8113 605
96.8617 605
96.9121 605
96.9626 605
97.013 605
97.0634 605
97.1139 605
97.1643 605
97.2147 605
97.2652 605
97.3156 605
97.366 605
97.4165 605
97.4669 605
97.5173 605
97.5678 605
97.6182 605
97.6686 605
97.719 605
97.7695 605
97.8199 605
97.8703 605
97.9208 605
97.9712 605
98.0216 605
98.0721 605
98.1225 605
98.1729 605
98.2234 605
98.2738 605
98.3242 605
98.3747 605
98.4251 605
98.4755 605
98.526 605
98.5764 605
98.6268 605
98.6773 605
98.7277 605
98.7781 605
98.8286 605
98.879 605
98.9294 605
98.9798 605
99.0303 605
99.0807 605
99.1311 605
99.1816 605
99.232 605
99.2824 605
99.3329 605
99.3833 605
99.4337 605
99.4842 605
99.5346 605
99.585 605
99.6355 605
99.6859 605
99.7363 605
99.7868 605
99.8372 605
99.8876 605
99.9381 605
99.9885 605
100.039 605
100.089 605
100.14 605
100.19 605
100.241 605
100.291 605
100.342 605
100.392 605
100.442 605
100.493 605
100.543 605
100.594 605
100.644 605
100.695 605
100.745 605
100.795 605
100.846 605
100.896 605
100.947 605
100.997 605
101.048 605
101.098 605
101.148 605
101.199 605
101.249 605
101.3 605
101.35 605
101.401 605
101.451 605
101.501 605
101.552 605
101.602 605
101.653 605
101.703 605
101.754 605
101.804 605
101.854 605
101.905 605
101.955 605
102.006 605
102.056 605
102.107 605
102.157 605
102.207 605
102.258 605
102.308 605
102.359 605
102.409 605
102.46 605
102.51 605
102.561 605
102.611 605
102.661 605
102.712 605
102.762 605
102.813 605
102.863 605
102.914 605
102.964 605
103.014 605
103.065 605
103.115 605
103.166 605
103.216 605
103.267 605
103.317 605
103.367 605
103.418 605
103.468 605
103.519 605
103.569 605
103.62 605
103.67 605
103.72 605
103.771 605
103.821 605
103.872 605
103.922 605
103.973 605
104.023 605
104.073 605
104.124 605
104.174 605
104.225 605
104.275 605
104.326 605
104.376 605
104.427 605
104.477 605
104.527 605
104.578 605
104.628 605
104.679 605
104.729 605
104.78 605
104.83 605
104.88 605
104.931 605
104.981 605
105.032 605
105.082 605
105.133 605
105.183 605
105.233 605
105.284 605
105.334 605
105.385 605
105.435 605
105.486 605
105.536 605
105.586 605
105.637 605
105.687 605
105.738 605
105.788 605
105.839 605
105.889 605
105.939 605
105.99 605
106.04 605
106.091 605
106.141 605
106.192 605
106.242 605
106.292 605
106.343 605
106.393 605
106.444 605
106.494 605
106.545 605
106.595 605
106.646 605
106.696 605
106.746 605
106.797 605
106.847 605
106.898 605
106.948 605
106.999 605
107.049 605
107.099 605
107.15 605
107.2 605
107.251 605
107.301 605
107.352 605
107.402 605
107.452 605
107.503 605
107.553 605
107.604 605
107.654 605
107.705 605
107.755 605
107.805 605
107.856 605
107.906 605
107.957 605
108.007 605
108.058 605
108.108 605
108.158 605
108.209 605
108.259 605
108.31 605
108.36 605
108.411 605
108.461 605
108.511 605
108.562 605
108.612 605
108.663 605
108.713 605
108.764 605
108.814 605
108.865 605
108.915 605
108.965 605
109.016 605
109.066 605
109.117 605
109.167 605
109.218 605
109.268 605
109.318 605
109.369 605
109.419 605
109.47 605
109.52 605
109.571 605
109.621 605
109.671 605
109.722 605
109.772 605
109.823 605
109.873 605
109.924 605
109.974 605
110.024 605
110.075 605
110.125 605
110.176 605
110.226 605
110.277 605
110.327 605
110.377 605
110.428 605
110.478 605
110.529 605
110.579 605
110.63 605
110.68 605
110.731 605
110.781 605
110.831 605
110.882 605
110.932 605
110.983 605
111.033 605
111.084 605
111.134 605
111.184 605
111.235 605
111.285 605
111.336 605
111.386 605
111.437 605
111.487 605
111.537 605
111.588 605
111.638 605
111.689 605
111.739 605
111.79 605
111.84 605
111.89 605
111.941 605
111.991 605
112.042 605
112.092 605
112.143 605
112.193 605
112.243 605
112.294 605
112.344 605
112.395 605
112.445 605
112.496 605
112.546 605
112.596 605
112.647 605
112.697 605
112.748 605
112.798 605
112.849 605
112.899 605
112.95 605
113 605
113.05 605
113.101 605
113.151 605
113.202 605
113.252 605
113.303 605
113.353 605
113.403 605
113.454 605
113.504 605
113.555 605
113.605 605
113.656 605
113.706 605
113.756 605
113.807 605
113.857 605
113.908 605
113.958 605
114.009 605
114.059 605
114.109 605
114.16 605
114.21 605
114.261 605
114.311 605
114.362 605
114.412 605
114.462 605
114.513 605
114.563 605
114.614 605
114.664 605
114.715 605
114.765 605
114.815 605
114.866 605
114.916 605
114.967 605
115.017 605
115.068 605
115.118 605
115.169 605
115.219 605
115.269 605
115.32 605
115.37 605
115.421 605
115.471 605
115.522 605
115.572 605
115.622 605
115.673 605
115.723 605
115.774 605
115.824 605
115.875 605
115.925 605
115.975 605
116.026 605
116.076 605
116.127 605
116.177 605
116.228 605
116.278 605
116.328 605
116.379 605
116.429 605
116.48 605
116.53 605
116.581 605
116.631 605
116.681 605
116.732 605
116.782 605
116.833 605
116.883 605
116.934 605
116.984 605
117.035 605
117.085 605
117.135 605
117.186 605
117.236 605
117.287 605
117.337 605
117.388 605
117.438 605
117.488 605
117.539 605
117.589 605
117.64 605
117.69 605
117.741 605
117.791 605
117.841 605
117.892 605
117.942 605
117.993 605
118.043 605
118.094 605
118.144 605
118.194 605
118.245 605
118.295 605
118.346 605
118.396 605
118.447 605
118.497 605
118.547 605
118.598 605
118.648 605
118.699 605
118.749 605
118.8 605
118.85 605
118.9 605
118.951 605
119.001 605
119.052 605
119.102 605
119.153 605
119.203 605
119.254 605
119.304 605
119.354 605
119.405 605
119.455 605
119.506 605
119.556 605
119.607 605
119.657 605
119.707 605
119.758 605
119.808 605
119.859 605
119.909 605
119.96 605
120.01 605
120.06 605
120.111 605
120.161 605
120.212 605
120.262 605
120.313 605
120.363 605
120.413 605
120.464 605
120.514 605
120.565 605
120.615 605
120.666 605
120.716 605
120.766 605
120.817 605
120.867 605
120.918 605
120.968 605
121.019 605
121.069 605
121.119 605
121.17 605
121.22 605
121.271 605
121.321 605
121.372 605
121.422 605
121.473 605
121.523 605
121.573 605
121.624 605
121.674 605
121.725 605
121.775 605
121.826 605
121.876 605
121.926 605
121.977 605
122.027 605
122.078 605
122.128 605
122.179 605
122.229 605
122.279 605
122.33 605
122.38 605
122.431 605
122.481 605
122.532 605
122.582 605
122.632 605
122.683 605
122.733 605
122.784 605
122.834 605
122.885 605
122.935 605
122.985 605
123.036 605
123.086 605
123.137 605
123.187 605
123.238 605
123.288 605
123.339 605
123.389 605
123.439 605
123.49 605
123.54 605
123.591 605
123.641 605
123.692 605
123.742 605
123.792 605
123.843 605
123.893 605
123.944 605
123.994 605
124.045 605
124.095 605
124.145 605
124.196 605
124.246 605
124.297 605
124.347 605
124.398 605
124.448 605
124.498 605
124.549 605
124.599 605
124.65 605
124.7 605
124.751 605
124.801 605
124.851 605
124.902 605
124.952 605
125.003 605
125.053 605
125.104 605
125.154 605
125.204 605
125.255 605
125.305 605
125.356 605
125.406 605
125.457 605
125.507 605
125.558 605
125.608 605
125.658 605
125.709 605
125.759 605
125.81 605
125.86 605
125.911 605
125.961 605
126.011 605
126.062 605
126.112 605
126.163 605
126.213 605
126.264 605
126.314 605
126.364 605
126.415 605
126.465 605
126.516 605
126.566 605
126.617 605
126.667 605
126.717 605
126.768 605
126.818 605
126.869 605
126.919 605
126.97 605
127.02 605
127.07 605
127.121 605
127.171 605
127.222 605
127.272 605
127.323 605
127.373 605
127.423 605
127.474 605
127.524 605
127.575 605
127.625 605
127.676 605
127.726 605
127.777 605
127.827 605
127.877 605
127.928 605
127.978 605
128.029 605
128.079 605
128.13 605
128.18 605
128.23 605
128.281 605
128.331 605
128.382 605
128.432 605
128.483 605
128.533 605
128.583 605
128.634 605
128.684 605
128.735 605
128.785 605
128.836 605
128.886 605
128.936 605
128.987 605
129.037 605
129.088 605
129.138 605
129.189 605
129.239 605
129.289 605
129.34 605
129.39 605
129.441 605
129.491 605
129.542 605
129.592 605
129.643 605
129.693 605
129.743 605
129.794 605
129.844 605
129.895 605
129.945 605
129.996 605
130.046 605
130.096 605
130.147 605
130.197 605
130.248 605
130.298 605
130.349 605
130.399 605
130.449 605
130.5 605
130.55 605
130.601 605
130.651 605
130.702 605
130.752 605
130.802 605
130.853 605
130.903 605
130.954 605
131.004 605
131.055 605
131.105 605
131.155 605
131.206 605
131.256 605
131.307 605
131.357 605
131.408 605
131.458 605
131.508 605
131.559 605
131.609 605
131.66 605
131.71 605
131.761 605
131.811 605
131.862 605
131.912 605
131.962 605
132.013 605
132.063 605
132.114 605
132.164 605
132.215 605
132.265 605
132.315 605
132.366 605
132.416 605
132.467 605
132.517 605
132.568 605
132.618 605
132.668 605
132.719 605
132.769 605
132.82 605
132.87 605
132.921 605
132.971 605
133.021 605
133.072 605
133.122 605
133.173 605
133.223 605
133.274 605
133.324 605
133.374 605
133.425 605
133.475 605
133.526 605
133.576 605
133.627 605
133.677 605
133.727 605
133.778 605
133.828 605
133.879 605
133.929 605
133.98 605
134.03 605
134.081 605
134.131 605
134.181 605
134.232 605
134.282 605
134.333 605
134.383 605
134.434 605
134.484 605
134.534 605
134.585 605
134.635 605
134.686 605
134.736 605
134.787 605
134.837 605
134.887 605
134.938 605
134.988 605
135.039 605
135.089 605
135.14 605
135.19 605
135.24 605
135.291 605
135.341 605
135.392 605
135.442 605
135.493 605
135.543 605
135.593 605
135.644 605
135.694 605
135.745 605
135.795 605
135.846 605
135.896 605
135.947 605
135.997 605
136.047 605
136.098 605
136.148 605
136.199 605
136.249 605
136.3 605
136.35 605
136.4 605
136.451 605
136.501 605
136.552 605
136.602 605
136.653 605
136.703 605
136.753 605
136.804 605
136.854 605
136.905 605
136.955 605
137.006 605
137.056 605
137.106 605
137.157 605
137.207 605
137.258 605
137.308 605
137.359 605
137.409 605
137.459 605
137.51 605
137.56 605
137.611 605
137.661 605
137.712 605
137.762 605
137.812 605
137.863 605
137.913 605
137.964 605
138.014 605
138.065 605
138.115 605
138.166 605
138.216 605
138.266 605
138.317 605
138.367 605
138.418 605
138.468 605
138.519 605
138.569 605
138.619 605
138.67 605
138.72 605
138.771 605
138.821 605
138.872 605
138.922 605
138.972 605
139.023 605
139.073 605
139.124 605
139.174 605
139.225 605
139.275 605
139.325 605
139.376 605
139.426 605
139.477 605
139.527 605
139.578 605
139.628 605
139.678 605
139.729 605
139.779 605
139.83 605
139.88 605
139.931 605
139.981 605
140.031 605
140.082 605
140.132 605
140.183 605
140.233 605
140.284 605
140.334 605
140.385 605
140.435 605
140.485 605
140.536 605
140.586 605
140.637 605
140.687 605
140.738 605
140.788 605
140.838 605
140.889 605
140.939 605
140.99 605
141.04 605
141.091 605
141.141 605
141.191 605
141.242 605
141.292 605
141.343 605
141.393 605
141.444 605
141.494 605
141.544 605
141.595 605
141.645 605
141.696 605
141.746 605
141.797 605
141.847 605
141.897 605
141.948 605
141.998 605
142.049 605
142.099 605
142.15 605
142.2 605
142.251 605
142.301 605
142.351 605
142.402 605
142.452 605
142.503 605
142.553 605
142.604 605
142.654 605
142.704 605
142.755 605
142.805 605
142.856 605
142.906 605
142.957 605
143.007 605
143.057 605
143.108 605
143.158 605
143.209 605
143.259 605
143.31 605
143.36 605
143.41 605
143.461 605
143.511 605
143.562 605
143.612 605
143.663 605
143.713 605
143.763 605
143.814 605
143.864 605
143.915 605
143.965 605
144.016 605
144.066 605
144.116 605
144.167 605
144.217 605
144.268 605
144.318 605
144.369 605
144.419 605
144.47 605
144.52 605
144.57 605
144.621 605
144.671 605
144.722 605
144.772 605
144.823 605
144.873 605
144.923 605
144.974 605
145.024 605
145.075 605
145.125 605
145.176 605
145.226 605
145.276 605
145.327 605
145.377 605
145.428 605
145.478 605
145.529 605
145.579 605
145.629 605
145.68 605
145.73 605
145.781 605
145.831 605
145.882 605
145.932 605
145.982 605
146.033 605
146.083 605
146.134 605
146.184 605
146.235 605
146.285 605
146.335 605
146.386 605
146.436 605
146.487 605
146.537 605
146.588 605
146.638 605
146.689 605
146.739 605
146.789 605
146.84 605
146.89 605
146.941 605
146.991 605
147.042 605
147.092 605
147.142 605
147.193 605
147.243 605
147.294 605
147.344 605
147.395 605
147.445 605
147.495 605
147.546 605
147.596 605
147.647 605
147.697 605
147.748 605
147.798 605
147.848 605
147.899 605
147.949 605
148 605
148.05 605
148.101 605
148.151 605
148.201 605
148.252 605
148.302 605
148.353 605
148.403 605
148.454 605
148.504 605
148.555 605
148.605 605
148.655 605
148.706 605
148.756 605
148.807 605
148.857 605
148.908 605
148.958 605
149.008 605
149.059 605
149.109 605
149.16 605
149.21 605
149.261 605
149.311 605
149.361 605
149.412 605
149.462 605
149.513 605
149.563 605
149.614 605
149.664 605
149.714 605
149.765 605
149.815 605
149.866 605
149.916 605
149.967 605
150.017 605
150.067 605
150.118 605
150.168 605
150.219 605
150.269 605
150.32 605
150.37 605
150.42 605
150.471 605
150.521 605
150.572 605
150.622 605
150.673 605
150.723 605
150.774 605
150.824 605
150.874 605
150.925 605
150.975 605
151.026 605
151.076 605
151.127 605
151.177 605
151.227 605
151.278 605
151.328 605
151.379 605
151.429 605
151.48 605
151.53 605
151.58 605
151.631 605
151.681 605
151.732 605
151.782 605
151.833 605
151.883 605
151.933 605
151.984 605
152.034 605
152.085 605
152.135 605
152.186 605
152.236 605
152.286 605
152.337 605
152.387 605
152.438 605
152.488 605
152.539 605
152.589 605
152.639 605
152.69 605
152.74 605
152.791 605
152.841 605
152.892 605
152.942 605
152.993 605
153.043 605
153.093 605
153.144 605
153.194 605
153.245 605
153.295 605
153.346 605
153.396 605
153.446 605
153.497 605
153.547 605
153.598 605
153.648 605
153.699 605
153.749 605
153.799 605
153.85 605
153.9 605
153.951 605
154.001 605
154.052 605
154.102 605
154.152 605
154.203 605
154.253 605
154.304 605
154.354 605
154.405 605
154.455 605
154.505 605
154.556 605
154.606 605
154.657 605
154.707 605
154.758 605
154.808 605
154.859 605
154.909 605
154.959 605
155.01 605
155.06 605
155.111 605
155.161 605
155.212 605
155.262 605
155.312 605
155.363 605
155.413 605
155.464 605
155.514 605
155.565 605
155.615 605
155.665 605
155.716 605
155.766 605
155.817 605
155.867 605
155.918 605
155.968 605
156.018 605
156.069 605
156.119 605
156.17 605
156.22 605
156.271 605
156.321 605
156.371 605
156.422 605
156.472 605
156.523 605
156.573 605
156.624 605
156.674 605
156.724 605
156.775 605
156.825 605
156.876 605
156.926 605
156.977 605
157.027 605
157.078 605
157.128 605
157.178 605
157.229 605
157.279 605
157.33 605
157.38 605
157.431 605
157.481 605
157.531 605
157.582 605
157.632 605
157.683 605
157.733 605
157.784 605
157.834 605
157.884 605
157.935 605
157.985 605
158.036 605
158.086 605
158.137 605
158.187 605
158.237 605
158.288 605
158.338 605
158.389 605
158.439 605
158.49 605
158.54 605
158.59 605
158.641 605
158.691 605
158.742 605
158.792 605
158.843 605
158.893 605
158.943 605
158.994 605
159.044 605
159.095 605
159.145 605
159.196 605
159.246 605
159.297 605
159.347 605
159.397 605
159.448 605
159.498 605
159.549 605
159.599 605
159.65 605
159.7 605
159.75 605
159.801 605
159.851 605
159.902 605
159.952 605
160.003 605
160.053 605
160.103 605
160.154 605
160.204 605
160.255 605
160.305 605
160.356 605
160.406 605
160.456 605
160.507 605
160.557 605
160.608 605
160.658 605
160.709 605
160.759 605
160.809 605
160.86 605
160.91 605
160.961 605
161.011 605
161.062 605
161.112 605
161.163 605
161.213 605
161.263 605
161.314 605
161.364 605
161.415 605
161.465 605
161.516 605
161.566 605
161.616 605
161.667 605
161.717 605
161.768 605
161.818 605
161.869 605
161.919 605
161.969 605
162.02 605
162.07 605
162.121 605
162.171 605
162.222 605
162.272 605
162.322 605
162.373 605
162.423 605
162.474 605
162.524 605
162.575 605
162.625 605
162.675 605
162.726 605
162.776 605
162.827 605
162.877 605
162.928 605
162.978 605
163.028 605
163.079 605
163.129 605
163.18 605
163.23 605
163.281 605
163.331 605
163.382 605
163.432 605
163.482 605
163.533 605
163.583 605
163.634 605
163.684 605
163.735 605
163.785 605
163.835 605
163.886 605
163.936 605
163.987 605
164.037 605
164.088 605
164.138 605
164.188 605
164.239 605
164.289 605
164.34 605
164.39 605
164.441 605
164.491 605
164.541 605
164.592 605
164.642 605
164.693 605
164.743 605
164.794 605
164.844 605
164.894 605
164.945 605
164.995 605
165.046 605
165.096 605
165.147 605
165.197 605
165.247 605
165.298 605
165.348 605
165.399 605
165.449 605
165.5 605
165.55 605
165.601 605
165.651 605
165.701 605
165.752 605
165.802 605
165.853 605
165.903 605
165.954 605
166.004 605
166.054 605
166.105 605
166.155 605
166.206 605
166.256 605
166.307 605
166.357 605
166.407 605
166.458 605
166.508 605
166.559 605
166.609 605
166.66 605
166.71 605
166.76 605
166.811 605
166.861 605
166.912 605
166.962 605
167.013 605
167.063 605
167.113 605
167.164 605
167.214 605
167.265 605
167.315 605
167.366 605
167.416 605
167.467 605
167.517 605
167.567 605
167.618 605
167.668 605
167.719 605
167.769 605
167.82 605
167.87 605
167.92 605
167.971 605
168.021 605
168.072 605
168.122 605
168.173 605
168.223 605
168.273 605
168.324 605
168.374 605
168.425 605
168.475 605
168.526 605
168.576 605
168.626 605
168.677 605
168.727 605
168.778 605
168.828 605
168.879 605
168.929 605
168.979 605
169.03 605
169.08 605
169.131 605
169.181 605
169.232 605
169.282 605
169.332 605
169.383 605
169.433 605
169.484 605
169.534 605
169.585 605
169.635 605
169.686 605
169.736 605
169.786 605
169.837 605
169.887 605
169.938 605
169.988 605
170.039 605
170.089 605
170.139 605
170.19 605
170.24 605
170.291 605
170.341 605
170.392 605
170.442 605
170.492 605
170.543 605
170.593 605
170.644 605
170.694 605
170.745 605
170.795 605
170.845 605
170.896 605
170.946 605
170.997 605
171.047 605
171.098 605
171.148 605
171.198 605
171.249 605
171.299 605
171.35 605
171.4 605
171.451 605
171.501 605
171.551 605
171.602 605
171.652 605
171.703 605
171.753 605
171.804 605
171.854 605
171.905 605
171.955 605
172.005 605
172.056 605
172.106 605
172.157 605
172.207 605
172.258 605
172.308 605
172.358 605
172.409 605
172.459 605
172.51 605
172.56 605
172.611 605
172.661 605
172.711 605
172.762 605
172.812 605
172.863 605
172.913 605
172.964 605
173.014 605
173.064 605
173.115 605
173.165 605
173.216 605
173.266 605
173.317 605
173.367 605
173.417 605
173.468 605
173.518 605
173.569 605
173.619 605
173.67 605
173.72 605
173.771 605
173.821 605
173.871 605
173.922 605
173.972 605
174.023 605
174.073 605
174.124 605
174.174 605
174.224 605
174.275 605
174.325 605
174.376 605
174.426 605
174.477 605
174.527 605
174.577 605
174.628 605
174.678 605
174.729 605
174.779 605
174.83 605
174.88 605
174.93 605
174.981 605
175.031 605
175.082 605
175.132 605
175.183 605
175.233 605
175.283 605
175.334 605
175.384 605
175.435 605
175.485 605
175.536 605
175.586 605
175.636 605
175.687 605
175.737 605
175.788 605
175.838 605
175.889 605
175.939 605
175.99 605
176.04 605
176.09 605
176.141 605
176.191 605
176.242 605
176.292 605
176.343 605
176.393 605
176.443 605
176.494 605
176.544 605
176.595 605
176.645 605
176.696 605
176.746 605
176.796 605
176.847 605
176.897 605
176.948 605
176.998 605
177.049 605
177.099 605
177.149 605
177.2 605
177.25 605
177.301 605
177.351 605
177.402 605
177.452 605
177.502 605
177.553 605
177.603 605
177.654 605
177.704 605
177.755 605
177.805 605
177.855 605
177.906 605
177.956 605
178.007 605
178.057 605
178.108 605
178.158 605
178.209 605
178.259 605
178.309 605
178.36 605
178.41 605
178.461 605
178.511 605
178.562 605
178.612 605
178.662 605
178.713 605
178.763 605
178.814 605
178.864 605
178.915 605
178.965 605
179.015 605
179.066 605
179.116 605
179.167 605
179.217 605
179.268 605
179.318 605
179.368 605
179.419 605
179.469 605
179.52 605
179.57 605
179.621 605
179.671 605
179.721 605
179.772 605
179.822 605
179.873 605
179.923 605
179.974 605
180.024 605
180.075 605
180.125 605
180.175 605
180.226 605
180.276 605
180.327 605
180.377 605
180.428 605
180.478 605
180.528 605
180.579 605
180.629 605
180.68 605
180.73 605
180.781 605
180.831 605
180.881 605
180.932 605
180.982 605
181.033 605
181.083 605
181.134 605
181.184 605
181.234 605
181.285 605
181.335 605
181.386 605
181.436 605
181.487 605
181.537 605
181.587 605
181.638 605
181.688 605
181.739 605
181.789 605
181.84 605
181.89 605
181.94 605
181.991 605
182.041 605
182.092 605
182.142 605
182.193 605
182.243 605
182.294 605
182.344 605
182.394 605
182.445 605
182.495 605
182.546 605
182.596 605
182.647 605
182.697 605
182.747 605
182.798 605
182.848 605
182.899 605
182.949 605
183 605
183.05 605
183.1 605
183.151 605
183.201 605
183.252 605
183.302 605
183.353 605
183.403 605
183.453 605
183.504 605
183.554 605
183.605 605
183.655 605
183.706 605
183.756 605
183.806 605
183.857 605
183.907 605
183.958 605
184.008 605
184.059 605
184.109 605
184.159 605
184.21 605
184.26 605
184.311 605
184.361 605
184.412 605
184.462 605
184.513 605
184.563 605
184.613 605
184.664 605
184.714 605
184.765 605
184.815 605
184.866 605
184.916 605
184.966 605
185.017 605
185.067 605
185.118 605
185.168 605
185.219 605
185.269 605
185.319 605
185.37 605
185.42 605
185.471 605
185.521 605
185.572 605
185.622 605
185.672 605
185.723 605
185.773 605
185.824 605
185.874 605
185.925 605
185.975 605
186.025 605
186.076 605
186.126 605
186.177 605
186.227 605
186.278 605
186.328 605
186.379 605
186.429 605
186.479 605
186.53 605
186.58 605
186.631 605
186.681 605
186.732 605
186.782 605
186.832 605
186.883 605
186.933 605
186.984 605
187.034 605
187.085 605
187.135 605
187.185 605
187.236 605
187.286 605
187.337 605
187.387 605
187.438 605
187.488 605
187.538 605
187.589 605
187.639 605
187.69 605
187.74 605
187.791 605
187.841 605
187.891 605
187.942 605
187.992 605
188.043 605
188.093 605
188.144 605
188.194 605
188.244 605
188.295 605
188.345 605
188.396 605
188.446 605
188.497 605
188.547 605
188.598 605
188.648 605
188.698 605
188.749 605
188.799 605
188.85 605
188.9 605
188.951 605
189.001 605
189.051 605
189.102 605
189.152 605
189.203 605
189.253 605
189.304 605
189.354 605
189.404 605
189.455 605
189.505 605
189.556 605
189.606 605
189.657 605
189.707 605
189.757 605
189.808 605
189.858 605
189.909 605
189.959 605
190.01 605
190.06 605
190.11 605
190.161 605
190.211 605
190.262 605
190.312 605
190.363 605
190.413 605
190.463 605
190.514 605
190.564 605
190.615 605
190.665 605
190.716 605
190.766 605
190.817 605
190.867 605
190.917 605
190.968 605
191.018 605
191.069 605
191.119 605
191.17 605
191.22 605
191.27 605
191.321 605
191.371 605
191.422 605
191.472 605
191.523 605
191.573 605
191.623 605
191.674 605
191.724 605
191.775 605
191.825 605
191.876 605
191.926 605
191.976 605
192.027 605
192.077 605
192.128 605
192.178 605
192.229 605
192.279 605
192.329 605
192.38 605
192.43 605
192.481 605
192.531 605
192.582 605
192.632 605
192.683 605
192.733 605
192.783 605
192.834 605
192.884 605
192.935 605
192.985 605
193.036 605
193.086 605
193.136 605
193.187 605
193.237 605
193.288 605
193.338 605
193.389 605
193.439 605
193.489 605
193.54 605
193.59 605
193.641 605
193.691 605
193.742 605
193.792 605
193.842 605
193.893 605
193.943 605
193.994 605
194.044 605
194.095 605
194.145 605
194.195 605
194.246 605
194.296 605
194.347 605
194.397 605
194.448 605
194.498 605
194.548 605
194.599 605
194.649 605
194.7 605
194.75 605
194.801 605
194.851 605
194.902 605
194.952 605
195.002 605
195.053 605
195.103 605
195.154 605
195.204 605
195.255 605
195.305 605
195.355 605
195.406 605
195.456 605
195.507 605
195.557 605
195.608 605
195.658 605
195.708 605
195.759 605
195.809 605
195.86 605
195.91 605
195.961 605
196.011 605
196.061 605
196.112 605
196.162 605
196.213 605
196.263 605
196.314 605
196.364 605
196.414 605
196.465 605
196.515 605
196.566 605
196.616 605
196.667 605
196.717 605
196.767 605
196.818 605
196.868 605
196.919 605
196.969 605
197.02 605
197.07 605
197.121 605
197.171 605
197.221 605
197.272 605
197.322 605
197.373 605
197.423 605
197.474 605
197.524 605
197.574 605
197.625 605
197.675 605
197.726 605
197.776 605
197.827 605
197.877 605
197.927 605
197.978 605
198.028 605
198.079 605
198.129 605
198.18 605
198.23 605
198.28 605
198.331 605
198.381 605
198.432 605
198.482 605
198.533 605
198.583 605
198.633 605
198.684 605
198.734 605
198.785 605
198.835 605
198.886 605
198.936 605
198.987 605
199.037 605
199.087 605
199.138 605
199.188 605
199.239 605
199.289 605
199.34 605
199.39 605
199.44 605
199.491 605
199.541 605
199.592 605
199.642 605
199.693 605
199.743 605
199.793 605
199.844 605
199.894 605
199.945 605
199.995 605
200.046 605
200.096 605
200.146 605
200.197 605
200.247 605
200.298 605
200.348 605
200.399 605
200.449 605
200.499 605
200.55 605
200.6 605
200.651 605
200.701 605
200.752 605
200.802 605
200.852 605
200.903 605
200.953 605
201.004 605
201.054 605
201.105 605
201.155 605
201.206 605
201.256 605
201.306 605
201.357 605
201.407 605
201.458 605
201.508 605
201.559 605
201.609 605
201.659 605
201.71 605
201.76 605
201.811 605
201.861 605
201.912 605
201.962 605
202.012 605
202.063 605
202.113 605
202.164 605
202.214 605
202.265 605
202.315 605
202.365 605
202.416 605
202.466 605
202.517 605
202.567 605
202.618 605
202.668 605
202.718 605
202.769 605
202.819 605
202.87 605
202.92 605
202.971 605
203.021 605
203.071 605
203.122 605
203.172 605
203.223 605
203.273 605
203.324 605
203.374 605
203.425 605
203.475 605
203.525 605
203.576 605
203.626 605
203.677 605
203.727 605
203.778 605
203.828 605
203.878 605
203.929 605
203.979 605
204.03 605
204.08 605
204.131 605
204.181 605
204.231 605
204.282 605
204.332 605
204.383 605
204.433 605
204.484 605
204.534 605
204.584 605
204.635 605
204.685 605
204.736 605
204.786 605
204.837 605
204.887 605
204.937 605
204.988 605
205.038 605
205.089 605
205.139 605
205.19 605
205.24 605
205.291 605
205.341 605
205.391 605
205.442 605
205.492 605
205.543 605
205.593 605
205.644 605
205.694 605
205.744 605
205.795 605
205.845 605
205.896 605
205.946 605
205.997 605
206.047 605
206.097 605
206.148 605
206.198 605
206.249 605
206.299 605
206.35 605
206.4 605
206.45 605
206.501 605
206.551 605
206.602 605
206.652 605
206.703 605
206.753 605
206.803 605
206.854 605
206.904 605
206.955 605
207.005 605
207.056 605
207.106 605
207.156 605
207.207 605
207.257 605
207.308 605
207.358 605
207.409 605
207.459 605
207.51 605
207.56 605
207.61 605
207.661 605
207.711 605
207.762 605
207.812 605
207.863 605
207.913 605
207.963 605
208.014 605
208.064 605
208.115 605
208.165 605
208.216 605
208.266 605
208.316 605
208.367 605
208.417 605
208.468 605
208.518 605
208.595 608
209.375 563
209.426 527
209.476 502
209.527 487
209.577 480
209.628 451
209.678 426
209.729 404
209.779 385
209.829 369
209.88 354
209.93 341
209.981 330
210.031 320
210.082 312
210.132 304
210.182 298
210.233 292
210.283 287
210.334 282
210.384 285
210.435 287
210.485 289
210.535 291
210.586 292
210.636 293
210.687 294
210.737 295
210.788 296
210.838 297
210.888 298
210.939 298
210.989 299
211.04 299
211.09 299
211.141 300
211.191 300
211.241 300
211.292 301
211.342 301
211.393 301
211.443 301
211.494 301
211.544 301
211.595 301
211.645 308
211.695 313
211.746 318
211.796 323
211.847 326
211.897 330
211.948 332
211.998 335
212.048 337
212.099 339
212.149 341
212.2 342
212.25 344
212.301 345
212.351 346
212.401 346
212.452 347
212.502 348
212.553 348
212.603 349
212.654 349
212.704 350
212.754 350
212.805 351
212.855 351
212.906 351
212.956 351
213.007 351
213.057 351
213.107 352
213.158 358
213.208 364
213.259 369
213.309 373
213.36 377
213.41 380
213.46 383
213.511 385
213.561 388
213.612 389
213.662 391
213.713 393
213.763 394
213.814 395
213.864 396
213.914 397
213.965 398
214.015 398
214.066 399
214.116 399
214.167 400
214.217 400
214.267 401
214.318 401
214.368 401
214.419 401
214.469 402
214.52 402
214.57 402
214.62 402
214.671 402
214.721 402
214.772 402
214.822 402
214.873 409
214.923 414
214.973 419
215.024 424
215.074 427
215.125 431
215.175 433
215.226 436
215.276 438
215.326 440
215.377 442
215.427 443
215.478 444
215.528 446
215.605 450
216.184 422
216.31 397
216.36 382
216.411 369
216.461 364
216.512 344
216.562 326
216.612 310
216.663 297
216.713 285
216.764 274
216.814 271
216.865 269
216.915 267
216.966 265
217.016 263
217.066 262
217.117 260
217.167 259
217.218 258
217.268 258
217.319 257
217.369 256
217.419 256
217.47 255
217.52 255
217.571 254
217.621 254
217.672 254
217.722 253
217.772 253
217.823 253
217.873 259
217.924 264
217.974 269
218.025 273
218.075 277
218.125 280
218.176 283
218.226 285
218.277 287
218.327 289
218.378 291
218.428 292
218.478 294
218.529 295
218.579 296
218.63 296
218.68 297
218.731 298
218.781 298
218.831 299
218.882 299
218.932 300
218.983 300
219.033 300
219.084 300
219.134 307
219.185 313
219.235 318
219.285 322
219.336 326
219.386 329
219.437 332
219.487 335
219.538 337
219.588 339
219.638 340
219.689 342
219.739 343
219.79 344
219.84 345
219.891 346
219.941 347
219.991 348
220.042 348
220.092 349
220.143 349
220.193 350
220.244 350
220.294 350
220.344 351
220.395 351
220.445 351
220.496 351
220.546 351
220.597 352
220.647 358
220.697 364
220.748 368
220.798 373
220.849 377
220.899 380
220.95 383
221 385
221.051 387
221.101 389
221.151 391
221.202 393
221.252 394
221.303 395
221.353 396
221.404 397
221.454 398
221.504 398
221.555 399
221.605 399
221.656 400
221.706 400
221.757 401
221.807 401
221.857 401
221.908 401
221.958 402
222.009 402
222.059 402
222.11 402
222.16 402
222.21 402
222.261 402
222.311 403
222.362 409
222.412 414
222.463 419
222.513 424
222.563 427
222.614 430
222.664 433
222.715 436
222.765 438
222.816 440
222.866 442
222.916 443
222.967 444
223.017 445
223.068 446
223.118 447
223.169 448
223.219 449
223.27 449
223.32 450
223.37 450
223.421 451
223.471 451
223.522 451
223.572 452
223.623 452
223.673 452
223.723 452
223.774 452
223.824 452
223.875 453
223.925 453
223.976 453
224.026 453
224.076 453
224.127 453
224.177 453
224.228 459
224.278 465
224.329 470
224.379 474
224.429 478
224.48 481
224.53 484
224.581 486
224.631 489
224.682 491
224.732 492
224.782 494
224.833 495
224.883 496
224.934 497
224.984 498
225.035 499
225.085 499
225.135 500
225.186 500
225.236 501
225.287 501
225.337 501
225.388 502
225.438 502
225.489 502
225.539 502
225.589 503
225.64 503
225.69 503
225.741 503
225.791 503
225.842 503
225.892 503
225.942 503
225.993 503
226.043 503
226.094 503
226.144 504
226.195 504
226.245 504
226.295 504
226.346 504
226.396 510
226.447 516
226.497 520
226.548 525
226.598 528
226.648 532
226.699 534
226.749 537
226.8 539
226.85 541
226.901 543
226.951 544
227.001 545
227.052 546
227.102 547
227.153 548
227.203 549
227.254 550
227.304 550
227.355 551
227.405 551
227.455 552
227.506 552
227.556 552
227.607 552
227.657 553
227.708 553
227.758 553
227.808 553
227.859 553
227.909 553
227.96 554
228.01 554
228.061 554
228.111 554
228.161 554
228.212 554
228.262 554
228.313 554
228.363 554
228.414 554
228.464 554
228.514 554
228.565 554
228.615 554
228.666 554
228.716 561
228.767 566
228.817 571
228.867 575
228.918 579
228.968 582
229.019 585
229.069 587
229.12 589
229.17 591
229.22 593
229.271 595
229.321 596
229.372 597
229.422 598
229.473 599
229.523 600
229.574 600
229.624 601
229.674 601
229.725 602
229.775 602
229.826 602
229.876 603
229.927 603
229.977 603
230.027 603
230.078 603
230.128 604
230.179 604
230.229 604
230.28 604
230.33 604
230.38 604
230.431 604
230.481 604
230.532 604
230.582 604
230.633 604
230.683 605
230.733 605
230.784 605
230.834 605
230.885 605
230.935 605
230.986 605
231.036 605
231.086 605
231.137 605
231.187 605
231.238 605
231.288 605
231.339 605
231.389 605
231.439 605
231.49 605
231.54 605
231.591 605
231.641 605
231.692 605
231.742 605
231.793 605
231.843 605
231.893 605
231.944 605
231.994 605
232.045 605
232.095 605
232.146 605
232.196 605
232.246 605
232.297 605
232.347 605
232.398 605
232.448 605
232.499 605
232.549 605
232.599 605
232.65 605
232.7 605
232.751 605
232.801 605
232.852 605
232.902 605
232.952 605
233.003 605
233.053 605
233.104 605
233.154 605
233.205 605
233.255 605
233.305 605
233.356 605
233.406 605
233.457 605
233.507 605
233.558 605
233.608 605
233.659 605
233.709 605
233.759 605
233.81 605
233.86 605
233.911 605
233.961 605
234.012 605
234.062 605
234.112 605
234.163 605
234.213 605
234.264 605
234.314 605
234.365 605
234.415 605
234.465 605
234.516 605
234.566 605
234.617 605
234.667 605
234.718 605
234.768 605
234.818 605
234.869 605
234.919 605
234.97 605
235.02 605
235.071 605
235.121 605
235.171 605
235.222 605
235.272 605
235.323 605
235.373 605
235.424 605
235.474 605
235.524 605
235.575 605
235.625 605
235.676 605
235.726 605
235.777 605
235.827 605
235.878 605
235.928 605
235.978 605
236.029 605
236.079 605
236.13 605
236.18 605
236.231 605
236.281 605
236.331 605
236.382 605
236.432 605
236.483 605
236.533 605
236.584 605
236.634 605
236.684 605
236.735 605
236.785 605
236.836 605
236.886 605
236.937 605
236.987 605
237.037 605
237.088 605
237.138 605
237.189 605
237.239 605
237.29 605
237.34 605
237.39 605
237.441 605
237.491 605
237.542 605
237.592 605
