60.1976 85
60.2481 95
60.2985 110
60.3489 130
60.3994 153
60.4498 180
60.5002 195
60.5507 209
60.6011 220
60.6515 237
60.702 251
60.7524 264
60.8028 281
60.8533 290
60.9037 298
60.9541 305
61.0046 311
61.055 316
61.1054 321
61.1558 325
61.2063 328
61.2567 331
61.3071 334
61.3576 336
61.408 338
61.4584 334
61.5089 330
61.5593 326
61.6097 323
61.6602 321
61.7106 318
61.761 316
61.8115 315
61.8619 313
61.9123 312
61.9628 304
62.0132 298
62.0636 292
62.1141 287
62.1645 282
62.2149 279
62.2654 275
62.3158 272
62.3662 263
62.4166 256
62.4671 249
62.5175 243
62.5679 238
62.6184 233
62.6688 223
62.7192 214
62.7697 206
62.8201 199
62.8705 193
62.921 188
62.9714 183
63.0218 179
63.0723 176
63.1227 172
63.4001 170
63.4505 167
63.5131 167
63.5635 166
63.6261 167
63.6766 167
63.7392 168
63.7896 167
63.8522 168
63.9026 168
63.9652 169
64.0156 168
64.0782 169
64.1287 168
64.1791 167
64.2295 165
64.28 163
64.3304 162
64.3808 160
64.4313 159
64.4817 158
64.5321 157
64.5826 157
64.633 156
64.6834 155
64.7339 155
64.7843 154
64.8347 160
64.8852 165
64.9356 170
64.986 174
65.0364 177
65.0869 180
65.1373 183
65.1877 185
65.2382 187
65.2886 189
65.339 190
65.3895 192
65.4399 193
65.4903 194
65.5408 195
65.5912 196
65.6416 196
65.6921 197
65.7425 198
65.7929 198
65.8434 198
65.8938 199
65.9442 199
65.9947 199
66.0451 200
66.0955 200
66.146 200
66.1964 200
66.2468 200
66.2972 194
66.3477 189
66.3981 184
66.4485 180
66.499 176
66.5494 173
66.5998 170
66.6503 168
66.7007 166
66.7511 164
66.8016 162
66.852 161
66.9024 160
66.9529 158
67.0033 157
67.0537 157
67.1042 156
67.1546 162
67.205 167
67.2555 171
67.3059 175
67.3563 178
67.4068 181
67.4572 183
67.5076 186
67.558 188
67.6085 189
67.6589 191
67.7093 192
67.7598 193
67.8102 194
67.8606 195
67.9111 196
67.9615 197
68.0119 197
68.0624 198
68.1128 198
68.1632 198
68.2137 199
68.2641 199
68.3145 199
68.365 200
68.4154 200
68.4658 200
68.5163 200
68.5667 200
68.6171 194
68.6676 189
68.718 184
68.7684 180
68.8188 176
68.8693 173
68.9197 170
68.9701 168
69.0206 166
69.071 164
69.1214 162
69.1719 161
69.2223 159
69.2727 158
69.3232 158
69.3736 157
69.424 156
69.4745 162
69.5249 167
69.5753 171
69.6258 175
69.6762 178
69.7266 181
69.7771 183
69.8275 186
69.8779 188
69.9284 189
69.9788 191
70.0292 192
70.0796 193
70.1301 194
70.1805 195
70.2309 196
70.2814 197
70.3318 197
70.3822 198
70.4327 198
70.4831 199
70.5335 199
70.584 199
70.6344 199
70.6848 200
70.7353 200
70.7857 200
70.8361 200
70.8866 200
70.937 194
70.9874 189
71.0379 184
71.0883 180
71.1387 176
71.1892 173
71.2396 170
71.29 168
71.3404 166
71.3909 164
71.4413 162
71.4917 161
71.5422 160
71.5926 158
71.643 158
71.6935 157
71.7439 156
71.7943 162
71.8448 166
71.8952 171
71.9456 175
71.9961 178
72.0465 181
72.0969 183
72.1474 186
72.1978 188
72.2482 189
72.2987 191
72.3491 192
72.3995 193
72.45 194
72.5004 195
72.5508 196
72.6012 197
72.6517 197
72.7021 198
72.7525 198
72.803 198
72.8534 199
72.9038 199
72.9543 199
73.0047 200
73.0551 200
73.1056 200
73.156 200
73.2064 200
73.2569 194
73.3073 189
73.3577 184
73.4082 180
73.4586 176
73.509 173
73.5595 170
73.6099 168
73.6603 166
73.7108 164
73.7612 162
73.8116 161
73.862 160
73.9125 158
73.9629 157
74.0133 157
74.0638 156
74.1142 162
74.1646 167
74.2151 171
74.2655 175
74.3159 178
74.3664 181
74.4168 183
74.4672 186
74.5177 188
74.5681 189
74.6185 191
74.669 192
74.7194 193
74.7698 194
74.8203 195
74.8707 196
74.9211 197
74.9716 197
75.022 198
75.0724 198
75.1228 198
75.1733 199
75.2237 199
75.2741 199
75.3246 200
75.375 200
75.4254 200
75.4759 200
75.5263 200
75.5767 194
75.6272 189
75.6776 184
75.728 180
75.7785 176
75.8289 173
75.8793 170
75.9298 168
75.9802 166
76.0306 164
76.0811 162
76.1315 161
76.1819 160
76.2324 158
76.2828 157
76.3332 157
76.3836 156
76.4341 162
76.4845 167
76.5349 171
76.5854 175
76.6358 178
76.6862 181
76.7367 183
76.7871 186
76.8375 188
76.888 189
76.9384 191
76.9888 192
77.0393 193
77.0897 194
77.1401 195
77.1906 196
77.241 197
77.2914 197
77.3419 198
77.3923 198
77.4427 198
77.4932 199
77.5436 199
77.594 199
77.6444 200
77.6949 200
77.7453 200
77.7957 200
77.8462 200
77.8966 194
77.947 189
77.9975 184
78.0479 180
78.0983 176
78.1488 173
78.1992 170
78.2496 168
78.3001 166
78.3505 164
78.4009 162
78.4514 161
78.5018 159
78.5522 158
78.6027 157
78.6531 157
78.7035 156
78.754 161
78.8044 166
78.8548 171
78.9052 175
78.9557 178
79.0061 181
79.0565 183
79.107 186
79.1574 188
79.2078 189
79.2583 191
79.3087 192
79.3591 193
79.4096 194
79.46 195
79.5104 196
79.5609 197
79.6113 197
79.6617 198
79.7122 198
79.7626 199
79.813 199
79.8635 199
79.9139 199
79.9643 200
80.0148 200
80.0652 200
80.1156 200
80.166 200
80.2165 194
80.2669 189
80.3173 184
80.3678 180
80.4182 176
80.4686 173
80.5191 170
80.5695 168
80.6199 166
80.6704 164
80.7208 162
80.7712 161
80.8217 159
80.8721 158
80.9225 157
80.973 157
81.0234 156
81.0738 161
81.1243 166
81.1747 171
81.2251 175
81.2756 178
81.326 181
81.3764 183
81.4268 186
81.4773 188
81.5277 189
81.5781 191
81.6286 192
81.679 193
81.7294 194
81.7799 195
81.8303 196
81.8807 196
81.9312 197
81.9816 198
82.032 198
82.0825 199
82.1329 199
82.1833 199
82.2338 199
82.2842 200
82.3346 200
82.3851 200
82.4355 200
82.4859 200
82.5364 194
82.5868 189
82.6372 184
82.6876 180
82.7381 176
82.7885 173
82.8389 170
82.8894 168
82.9398 166
82.9902 164
83.0407 162
83.0911 161
83.1415 160
83.192 158
83.2424 157
83.2928 157
83.3433 156
83.3937 162
83.4441 167
83.4946 171
83.545 175
83.5954 178
83.6459 181
83.6963 183
83.7467 186
83.7972 188
83.8476 189
83.898 191
83.9484 192
83.9989 193
84.0493 194
84.0997 195
84.1502 196
84.2006 197
84.251 197
84.3015 198
84.3519 198
84.4023 199
84.4528 199
84.5032 199
84.5536 199
84.6041 200
84.6545 200
84.7049 200
84.7554 200
84.8058 200
84.8562 194
84.9067 189
84.9571 184
85.0075 180
85.058 176
85.1084 173
85.1588 170
85.2092 168
85.2597 166
85.3101 164
85.3605 162
85.411 161
85.4614 159
85.5118 158
85.5623 157
85.6127 157
85.6631 156
85.7136 162
85.764 167
85.8144 171
85.8649 175
85.9153 178
85.9657 181
86.0162 183
86.0666 186
86.117 188
86.1675 189
86.2179 191
86.2683 192
86.3188 193
86.3692 194
86.4196 195
86.47 196
86.5205 197
86.5709 197
86.6213 198
86.6718 198
86.7222 198
86.7726 199
86.8231 199
86.8735 199
86.9239 200
86.9744 200
87.0248 200
87.0752 200
87.1257 200
87.1761 194
87.2265 189
87.277 184
87.3274 180
87.3778 176
87.4283 173
87.4787 170
87.5291 168
87.5796 166
87.63 164
87.6804 162
87.7308 161
87.7813 160
87.8317 158
87.8821 158
87.9326 157
87.983 156
88.0334 162
88.0839 167
88.1343 171
88.1847 175
88.2352 178
88.2856 181
88.336 183
88.3865 186
88.4369 188
88.4873 189
88.5378 191
88.5882 192
88.6386 193
88.6891 194
88.7395 195
88.7899 196
88.8404 197
88.8908 197
88.9412 198
88.9916 198
89.0421 199
89.0925 199
89.1429 199
89.1934 199
89.2438 200
89.2942 200
89.3447 200
89.3951 200
89.4455 200
89.496 194
89.5464 189
89.5968 184
89.6473 180
89.6977 176
89.7481 173
89.7986 170
89.849 168
89.8994 166
89.9499 164
90.0003 162
90.0507 161
90.1012 160
90.1516 158
90.202 158
90.2524 157
90.3029 156
90.3533 162
90.4037 166
90.4542 171
90.5046 175
90.555 178
90.6055 181
90.6559 183
90.7063 186
90.7568 188
90.8072 189
90.8576 191
90.9081 192
90.9585 193
91.0089 194
91.0594 195
91.1098 196
91.1602 197
91.2107 197
91.2611 198
91.3115 198
91.362 198
91.4124 199
91.4628 199
91.5132 199
91.5637 200
91.6141 200
91.6645 200
91.715 200
91.7654 200
91.8158 194
91.8663 189
91.9167 184
91.9671 180
92.0176 176
92.068 173
92.1184 170
92.1689 168
92.2193 166
92.2697 164
92.3202 162
92.3706 161
92.421 160
92.4715 158
92.5219 157
92.5723 157
92.6228 156
92.6732 162
92.7236 167
92.774 171
92.8245 175
92.8749 178
92.9253 181
92.9758 183
93.0262 186
93.0766 188
93.1271 189
93.1775 191
93.2279 192
93.2784 193
93.3288 194
93.3792 195
93.4297 196
93.4801 197
93.5305 197
93.581 198
93.6314 198
93.6818 198
93.7323 199
93.7827 199
93.8331 199
93.8836 200
93.934 200
93.9844 200
94.0348 200
94.0853 200
94.1357 194
94.1861 189
94.2366 184
94.287 180
94.3374 176
94.3879 173
94.4383 170
94.4887 168
94.5392 166
94.5896 164
94.64 162
94.6905 161
94.7409 160
94.7913 158
94.8418 157
94.8922 157
94.9426 156
94.9931 162
95.0435 167
95.0939 171
95.1444 175
95.1948 178
95.2452 181
95.2956 183
95.3461 186
95.3965 188
95.4469 189
95.4974 191
95.5478 192
95.5982 193
95.6487 194
95.6991 195
95.7495 196
95.8 197
95.8504 197
95.9008 198
95.9513 198
96.0017 198
96.0521 199
96.1026 199
96.153 199
96.2034 200
96.2539 200
96.3043 200
96.3547 200
96.4052 200
96.4556 194
96.506 189
96.5564 184
96.6069 180
96.6573 176
96.7077 173
96.7582 170
96.8086 168
96.859 166
96.9095 164
96.9599 162
97.0103 161
97.0608 159
97.1112 158
97.1616 157
97.2121 157
97.2625 156
97.3129 162
97.3634 167
97.4138 171
97.4642 175
97.5147 178
97.5651 181
97.6155 183
97.666 186
97.7164 188
97.7668 189
97.8172 191
97.8677 192
97.9181 193
97.9685 194
98.019 195
98.0694 196
98.1198 196
98.1703 197
98.2207 198
98.2711 198
98.3216 199
98.372 199
98.4224 199
98.4729 199
98.5233 200
98.5737 200
98.6242 200
98.6746 200
98.725 200
98.7755 194
98.8259 189
98.8763 184
98.9268 180
98.9772 176
99.0276 173
99.078 170
99.1285 168
99.1789 166
99.2293 164
99.2798 162
99.3302 161
99.3806 159
99.4311 158
99.4815 157
99.5319 157
99.5824 156
99.6328 161
99.6832 166
99.7337 171
99.7841 175
99.8345 178
99.885 181
99.9354 183
99.9858 186
100.036 188
100.087 189
100.137 191
100.188 192
100.238 193
100.288 194
100.339 195
100.389 196
100.44 197
100.49 197
100.541 198
100.591 198
100.641 199
100.692 199
100.742 199
100.793 199
100.843 200
100.894 200
100.944 200
100.994 200
101.045 200
101.095 194
101.146 189
101.196 184
101.247 180
101.297 176
101.347 173
101.398 170
101.448 168
101.499 166
101.549 164
101.6 162
101.65 161
101.701 160
101.751 158
101.801 157
101.852 157
101.902 156
101.953 162
102.003 167
102.054 171
102.104 175
102.154 178
102.205 181
102.255 183
102.306 186
102.356 188
102.407 189
102.457 191
102.507 192
102.558 193
102.608 194
102.659 195
102.709 196
102.76 197
102.81 197
102.86 198
102.911 198
102.961 199
103.012 199
103.062 199
103.113 199
103.163 200
103.213 200
103.264 200
103.314 200
103.365 200
103.415 194
103.466 189
103.516 184
103.566 180
103.617 176
103.667 173
103.718 170
103.768 168
103.819 166
103.869 164
103.92 162
103.97 161
104.02 159
104.071 158
104.121 157
104.172 157
104.222 156
104.273 162
104.323 167
104.373 171
104.424 175
104.474 178
104.525 181
104.575 183
104.626 186
104.676 188
104.726 189
104.777 191
104.827 192
104.878 193
104.928 194
104.979 195
105.029 196
105.079 197
105.13 197
105.18 198
105.231 198
105.281 198
105.332 199
105.382 199
105.432 199
105.483 200
105.533 200
105.584 200
105.634 200
105.685 200
105.735 194
105.786 189
105.836 184
105.886 180
105.937 176
105.987 173
106.038 170
106.088 168
106.139 166
106.189 164
106.239 162
106.29 161
106.34 160
106.391 158
106.441 158
106.492 157
106.542 156
106.592 162
106.643 166
106.693 171
106.744 175
106.794 178
106.845 181
106.895 184
106.945 186
106.996 188
107.046 189
107.097 191
107.147 192
107.198 193
107.248 194
107.298 195
107.349 196
107.399 197
107.45 197
107.5 198
107.551 198
107.601 199
107.651 199
107.702 199
107.752 199
107.803 200
107.853 200
107.904 200
107.954 200
108.005 200
108.055 194
108.105 189
108.156 184
108.206 180
108.257 176
108.307 173
108.358 170
108.408 168
108.458 166
108.509 164
108.559 162
108.61 161
108.66 160
108.711 158
108.761 157
108.811 157
108.862 156
108.912 162
108.963 167
109.013 171
109.064 175
109.114 178
109.164 181
109.215 183
109.265 186
109.316 188
109.366 189
109.417 191
109.467 192
109.517 193
109.568 194
109.618 195
109.669 196
109.719 197
109.77 197
109.82 198
109.87 198
109.921 198
109.971 199
110.022 199
110.072 199
110.123 200
110.173 200
110.224 200
110.274 200
110.324 200
110.375 194
110.425 189
110.476 184
110.526 180
110.577 176
110.627 173
110.677 170
110.728 168
110.778 166
110.829 164
110.879 162
110.93 161
110.98 160
111.03 158
111.081 157
111.131 157
111.182 156
111.232 162
111.283 167
111.333 171
111.383 175
111.434 178
111.484 181
111.535 183
111.585 186
111.636 188
111.686 189
111.736 191
111.787 192
111.837 193
111.888 194
111.938 195
111.989 196
112.039 197
112.09 197
112.14 198
112.19 198
112.241 198
112.291 199
112.342 199
112.392 199
112.443 200
112.493 200
112.543 200
112.594 200
112.644 200
112.695 194
112.745 189
112.796 184
112.846 180
112.896 176
112.947 173
112.997 170
113.048 168
113.098 166
113.149 164
113.199 162
113.249 161
113.3 160
113.35 158
113.401 157
113.451 157
113.502 156
113.552 162
113.602 167
113.653 171
113.703 175
113.754 178
113.804 181
113.855 183
113.905 186
113.955 188
114.006 189
114.056 191
114.107 192
114.157 193
114.208 194
114.258 195
114.309 196
114.359 197
114.409 197
114.46 198
114.51 198
114.561 198
114.611 199
114.662 199
114.712 199
114.762 200
114.813 200
114.863 200
114.914 200
114.964 200
115.015 194
115.065 189
115.115 184
115.166 180
115.216 176
115.267 173
115.317 170
115.368 168
115.418 166
115.468 164
115.519 162
115.569 161
115.62 159
115.67 158
115.721 157
115.771 157
115.821 156
115.872 162
115.922 167
115.973 171
116.023 175
116.074 178
116.124 181
116.174 183
116.225 186
116.275 188
116.326 189
116.376 191
116.427 192
116.477 193
116.528 194
116.578 195
116.628 196
116.679 196
116.729 197
116.78 198
116.83 198
116.881 199
116.931 199
116.981 199
117.032 199
117.082 200
117.133 200
117.183 200
117.234 200
117.284 200
117.334 194
117.385 189
117.435 184
117.486 180
117.536 176
117.587 173
117.637 170
117.687 168
117.738 166
117.788 164
117.839 162
117.889 161
117.94 159
117.99 158
118.04 157
118.091 157
118.141 156
118.192 161
118.242 166
118.293 171
118.343 175
118.394 178
118.444 181
118.494 183
118.545 186
118.595 188
118.646 189
118.696 191
118.747 192
118.797 193
118.847 194
118.898 195
118.948 196
118.999 197
119.049 197
119.1 198
119.15 198
119.2 198
119.251 199
119.301 199
119.352 199
119.402 200
119.453 200
119.503 200
119.553 200
119.604 200
119.654 194
119.705 189
119.755 184
119.806 180
119.856 176
119.906 173
119.957 170
120.007 168
120.058 166
120.108 164
120.159 162
120.209 161
120.259 160
120.31 158
120.36 157
120.411 157
120.461 156
120.512 162
120.562 167
120.613 171
120.663 175
120.713 178
120.764 181
120.814 183
120.865 186
120.915 188
120.966 189
121.016 191
121.066 192
121.117 193
121.167 194
121.218 195
121.268 196
121.319 197
121.369 197
121.419 198
121.47 198
121.52 198
121.571 199
121.621 199
121.672 199
121.722 200
121.772 200
121.823 200
121.873 200
121.924 200
121.974 194
122.025 189
122.075 184
122.125 180
122.176 176
122.226 173
122.277 170
122.327 168
122.378 166
122.428 164
122.478 162
122.529 161
122.579 159
122.63 158
122.68 157
122.731 157
122.781 156
122.832 162
122.882 167
122.932 171
122.983 175
123.033 178
123.084 181
123.134 183
123.185 186
123.235 188
123.285 189
123.336 191
123.386 192
123.437 193
123.487 194
123.538 195
123.588 196
123.638 197
123.689 197
123.739 198
123.79 198
123.84 198
123.891 199
123.941 199
123.991 199
124.042 200
124.092 200
124.143 200
124.193 200
124.244 200
124.294 194
124.344 189
124.395 184
124.445 180
124.496 176
124.546 173
124.597 170
124.647 168
124.698 166
124.748 164
124.798 162
124.849 161
124.899 160
124.95 158
125 158
125.051 157
125.101 156
125.151 162
125.202 166
125.252 171
125.303 175
125.353 178
125.404 181
125.454 183
125.504 186
125.555 188
125.605 189
125.656 191
125.706 192
125.757 193
125.807 194
125.857 195
125.908 196
125.958 197
126.009 197
126.059 198
126.11 198
126.16 199
126.21 199
126.261 199
126.311 199
126.362 200
126.412 200
126.463 200
126.513 200
126.563 200
126.614 194
126.664 189
126.715 184
126.765 180
126.816 176
126.866 173
126.917 170
126.967 168
127.017 166
127.068 164
127.118 162
127.169 161
127.219 160
127.27 158
127.32 157
127.37 157
127.421 156
127.471 162
127.522 167
127.572 171
127.623 175
127.673 178
127.723 181
127.774 183
127.824 186
127.875 188
127.925 189
127.976 191
128.026 192
128.076 193
128.127 194
128.177 195
128.228 196
128.278 197
128.329 197
128.379 198
128.429 198
128.48 198
128.53 199
128.581 199
128.631 199
128.682 200
128.732 200
128.782 200
128.833 200
128.883 200
128.934 194
128.984 189
129.035 184
129.085 180
129.136 176
129.186 173
129.236 170
129.287 168
129.337 166
129.388 164
129.438 162
129.489 161
129.539 160
129.589 158
129.64 157
129.69 157
129.741 156
129.791 162
129.842 167
129.892 171
129.942 175
129.993 178
130.043 181
130.094 183
130.144 186
130.195 188
130.245 189
130.295 191
130.346 192
130.396 193
130.447 194
130.497 195
130.548 196
130.598 197
130.648 197
130.699 198
130.749 198
130.8 198
130.85 199
130.901 199
130.951 199
131.002 200
131.052 200
131.102 200
131.153 200
131.203 200
131.254 194
131.304 189
131.355 184
131.405 180
131.455 176
131.506 173
131.556 170
131.607 168
131.657 166
131.708 164
131.758 162
131.808 161
131.859 159
131.909 158
131.96 157
132.01 157
132.061 156
132.111 162
132.161 167
132.212 171
132.262 175
132.313 178
132.363 181
132.414 183
132.464 186
132.514 188
132.565 189
132.615 191
132.666 192
132.716 193
132.767 194
132.817 195
132.867 196
132.918 197
132.968 197
133.019 198
133.069 198
133.12 198
133.17 199
133.221 199
133.271 199
133.321 200
133.372 200
133.422 200
133.473 200
133.523 200
133.574 194
133.624 189
133.674 184
133.725 180
133.775 176
133.826 173
133.876 170
133.927 168
133.977 166
134.027 164
134.078 162
134.128 161
134.179 159
134.229 158
134.28 157
134.33 157
134.38 156
134.431 162
134.481 167
134.532 171
134.582 175
134.633 178
134.683 181
134.733 183
134.784 186
134.834 188
134.885 189
134.935 191
134.986 192
135.036 193
135.086 194
135.137 195
135.187 196
135.238 196
135.288 197
135.339 198
135.389 198
135.44 199
135.49 199
135.54 199
135.591 199
135.641 200
135.692 200
135.742 200
135.793 200
135.843 200
135.893 194
135.944 189
135.994 184
136.045 180
136.095 176
136.146 173
136.196 170
136.246 168
136.297 166
136.347 164
136.398 162
136.448 161
136.499 160
136.549 159
136.599 158
136.65 157
136.7 156
136.751 161
136.801 166
136.852 171
136.902 175
136.952 178
137.003 181
137.053 183
137.104 186
137.154 188
137.205 189
137.255 191
137.306 192
137.356 193
137.406 194
137.457 195
137.507 196
137.558 197
137.608 197
137.659 198
137.709 198
137.759 198
137.81 199
137.86 199
137.911 199
137.961 200
138.012 200
138.062 200
138.112 200
138.163 200
138.213 194
138.264 189
138.314 184
138.365 180
138.415 176
138.465 173
138.516 170
138.566 168
138.617 166
138.667 164
138.718 162
138.768 161
138.818 160
138.869 158
138.919 157
138.97 157
139.02 156
139.071 162
139.121 167
139.171 171
139.222 175
139.272 178
139.323 181
139.373 183
139.424 186
139.474 188
139.525 189
139.575 191
139.625 192
139.676 193
139.726 194
139.777 195
139.827 196
139.878 197
139.928 197
139.978 198
140.029 198
140.079 198
140.13 199
140.18 199
140.231 199
140.281 200
140.331 200
140.382 200
140.432 200
140.483 200
140.533 194
140.584 189
140.634 184
140.684 180
140.735 176
140.785 173
140.836 170
140.886 168
140.937 166
140.987 164
141.037 162
141.088 161
141.138 159
141.189 158
141.239 157
141.29 157
141.34 156
141.39 162
141.441 167
141.491 171
141.542 175
141.592 178
141.643 181
141.693 183
141.744 186
141.794 188
141.844 189
141.895 191
141.945 192
141.996 193
142.046 194
142.097 195
142.147 196
142.197 197
142.248 197
142.298 198
142.349 198
142.399 199
142.45 199
142.5 199
142.55 200
142.601 200
142.651 200
142.702 200
142.752 200
142.803 200
142.853 194
142.903 189
142.954 184
143.004 180
143.055 176
143.105 173
143.156 170
143.206 168
143.256 166
143.307 164
143.357 162
143.408 161
143.458 160
143.509 158
143.559 158
143.61 157
143.66 156
143.71 162
143.761 166
143.811 171
143.862 175
143.912 178
143.963 181
144.013 183
144.063 186
144.114 188
144.164 189
144.215 191
144.265 192
144.316 193
144.366 194
144.416 195
144.467 196
144.517 197
144.568 197
144.618 198
144.669 198
144.719 199
144.769 199
144.82 199
144.87 199
144.921 200
144.971 200
145.022 200
145.072 200
145.122 200
145.173 194
145.223 189
145.274 184
145.324 180
145.375 176
145.425 173
145.475 170
145.526 168
145.576 166
145.627 164
145.677 162
145.728 161
145.778 160
145.829 158
145.879 157
145.929 157
145.98 156
146.03 162
146.081 167
146.131 171
146.182 175
146.232 178
146.282 181
146.333 183
146.383 186
146.434 188
146.484 189
146.535 191
146.585 192
146.635 193
146.686 194
146.736 195
146.787 196
146.837 197
146.888 197
146.938 198
146.988 198
147.039 198
147.089 199
147.14 199
147.19 199
147.241 200
147.291 200
147.341 200
147.392 200
147.442 200
147.493 194
147.543 189
147.594 184
147.644 180
147.694 176
147.745 173
147.795 170
147.846 168
147.896 166
147.947 164
147.997 162
148.048 161
148.098 160
148.148 158
148.199 157
148.249 157
148.3 156
148.35 162
148.401 167
148.451 171
148.501 175
148.552 178
148.602 181
148.653 183
148.703 186
148.754 188
148.804 189
148.854 191
148.905 192
148.955 193
149.006 194
149.056 195
149.107 196
149.157 197
149.207 197
149.258 198
149.308 198
149.359 198
149.409 199
149.46 199
149.51 199
149.56 200
149.611 200
149.661 200
149.712 200
149.762 200
149.813 194
149.863 189
149.914 184
149.964 180
150.014 176
150.065 173
150.115 170
150.166 168
150.216 166
150.267 164
150.317 162
150.367 161
150.418 159
150.468 158
150.519 157
150.569 157
150.62 156
150.67 161
150.72 166
150.771 171
150.821 175
150.872 178
150.922 181
150.973 183
151.023 186
151.073 188
151.124 189
151.174 191
151.225 192
151.275 193
151.326 194
151.376 195
151.426 196
151.477 197
151.527 197
151.578 198
151.628 198
151.679 198
151.729 199
151.779 199
151.83 199
151.88 200
151.931 200
151.981 200
152.032 200
152.082 200
152.133 194
152.183 189
152.233 184
152.284 180
152.334 176
152.385 173
152.435 170
152.486 168
152.536 166
152.586 164
152.637 162
152.687 161
152.738 159
152.788 158
152.839 157
152.889 157
152.939 156
152.99 161
153.04 166
153.091 171
153.141 175
153.192 178
153.242 181
153.292 184
153.343 186
153.393 188
153.444 189
153.494 191
153.545 192
153.595 193
153.696 194
153.746 195
153.809 197
153.859 193
153.91 196
153.96 198
154.011 198
154.061 199
154.112 199
154.162 199
154.212 200
154.263 200
154.313 200
154.364 200
154.414 200
154.465 194
154.515 189
154.565 184
154.616 180
154.666 176
154.717 173
154.767 170
154.818 168
154.868 166
154.918 164
154.969 162
155.019 161
155.07 159
155.12 158
155.171 157
155.221 157
155.271 156
155.322 162
155.372 167
155.423 171
155.473 175
155.524 178
155.574 181
155.624 183
155.675 186
155.725 188
155.776 189
155.826 191
155.877 192
155.927 193
155.978 194
156.028 195
156.078 196
156.129 196
156.179 197
156.23 198
156.28 198
156.331 199
156.381 199
156.431 199
156.482 199
156.532 200
156.583 200
156.633 200
156.684 200
156.734 200
156.784 194
156.835 189
156.885 184
156.936 180
156.986 176
157.037 173
157.087 170
157.137 168
157.188 166
157.238 164
157.289 162
157.339 161
157.39 160
157.44 159
157.49 158
157.541 157
157.591 156
157.642 161
157.692 166
157.743 171
157.793 175
157.843 178
157.894 181
157.944 183
157.995 186
158.045 188
158.096 189
158.146 191
158.197 192
158.247 193
158.297 194
158.348 195
158.398 196
158.449 197
158.499 197
158.55 198
158.6 198
158.65 198
158.701 199
158.751 199
158.802 199
158.852 200
158.903 200
158.953 200
159.003 200
159.054 200
159.104 194
159.155 189
159.205 184
159.256 180
159.306 176
159.356 173
159.407 170
159.457 168
159.508 166
159.558 164
159.609 162
159.659 161
159.709 160
159.76 158
159.81 157
159.861 157
159.911 156
159.962 162
160.012 167
160.062 171
160.365 168
160.416 166
160.478 166
160.529 165
160.591 167
160.642 166
160.704 167
160.755 167
160.817 168
160.868 167
160.918 167
160.969 165
161.019 163
161.069 161
161.12 160
161.17 159
161.221 158
161.271 157
161.322 156
161.372 156
161.422 155
161.473 154
161.523 154
161.574 160
161.624 165
161.675 170
161.725 174
161.775 177
161.826 180
161.876 183
161.927 185
161.977 187
162.028 189
162.078 190
162.128 192
162.179 193
162.229 194
162.28 195
162.33 196
162.381 196
162.431 197
162.481 198
162.532 198
162.582 198
162.633 199
162.683 199
162.734 199
162.784 200
162.834 200
162.885 200
162.935 200
162.986 200
163.036 194
163.087 189
163.137 184
163.188 180
163.238 176
163.288 173
163.339 170
163.389 168
163.44 166
163.49 164
163.541 162
163.591 161
163.641 159
163.692 158
163.742 157
163.793 157
163.843 156
163.894 162
163.944 167
163.994 171
164.045 175
164.095 178
164.146 181
164.196 183
164.247 186
164.297 188
164.347 189
164.398 191
164.448 192
164.499 193
164.549 194
164.6 195
164.65 196
164.7 197
164.751 197
164.801 198
164.852 198
164.902 198
164.953 199
165.003 199
165.053 199
165.104 200
165.154 200
165.205 200
165.255 200
165.306 200
165.356 194
165.407 189
165.457 184
165.507 180
165.558 176
165.608 173
165.659 170
165.709 168
165.76 166
165.81 164
165.86 162
165.911 161
165.961 160
166.012 158
166.062 158
166.113 157
166.163 156
166.213 162
166.264 166
166.314 171
166.365 175
166.415 178
166.466 181
166.516 184
166.566 186
166.617 188
166.667 189
166.718 191
166.768 192
166.819 193
166.869 194
166.919 195
166.97 196
167.02 197
167.071 197
167.121 198
167.172 198
167.222 199
167.273 199
167.323 199
167.373 199
167.424 200
167.474 200
167.525 200
167.575 200
167.626 200
167.676 194
167.726 189
167.777 184
167.827 180
167.878 176
167.928 173
167.979 170
168.029 168
168.079 166
168.13 164
168.18 162
168.231 161
168.281 160
168.332 158
168.382 158
168.432 157
168.483 156
168.533 162
168.584 166
168.634 171
168.685 175
168.735 178
168.785 181
168.836 183
168.886 186
168.937 188
168.987 189
169.038 191
169.088 192
169.138 193
169.189 194
169.239 195
169.29 196
169.34 197
169.391 197
169.441 198
169.492 198
169.542 198
169.592 199
169.643 199
169.693 199
169.744 200
169.794 200
169.845 200
169.895 200
169.945 200
169.996 194
170.046 189
170.097 184
170.147 180
170.198 176
170.248 173
170.298 170
170.349 168
170.399 166
170.45 164
170.5 162
170.551 161
170.601 160
170.651 158
170.702 157
170.752 157
170.803 156
170.853 162
170.904 167
170.954 171
171.004 175
171.055 178
171.105 181
171.156 183
171.206 186
171.257 188
171.307 189
171.357 191
171.408 192
171.458 193
171.509 194
171.559 195
171.61 196
171.66 197
171.711 197
171.761 198
171.811 198
171.862 198
171.912 199
171.963 199
172.013 199
172.064 200
172.114 200
172.164 200
172.215 200
172.265 200
172.316 194
172.366 189
172.417 184
172.467 180
172.517 176
172.568 173
172.618 170
172.669 168
172.719 166
172.77 164
172.82 162
172.87 161
172.921 160
172.971 158
173.022 157
173.072 157
173.123 156
173.173 162
173.223 167
173.274 171
173.324 175
173.375 178
173.425 181
173.476 183
173.526 186
173.577 188
173.627 189
173.677 191
173.728 192
173.778 193
173.829 194
173.879 195
173.93 196
173.98 197
174.03 197
174.081 198
174.131 198
174.182 198
174.232 199
174.283 199
174.333 199
174.383 200
174.434 200
174.484 200
174.535 200
174.585 200
174.636 194
174.686 189
174.736 184
174.787 180
174.837 176
174.888 173
174.938 170
174.989 168
175.039 166
175.089 164
175.14 162
175.19 161
175.241 159
175.291 158
175.342 157
175.392 157
175.442 156
175.493 162
175.543 167
175.594 171
175.644 175
175.695 178
175.745 181
175.796 183
175.846 186
175.896 188
175.947 189
175.997 191
176.048 192
176.098 193
176.149 194
176.199 195
176.249 196
176.3 196
176.35 197
176.401 198
176.451 198
176.502 199
176.552 199
176.602 199
176.653 199
176.703 200
176.754 200
176.804 200
176.855 200
176.905 200
176.955 194
177.006 189
177.056 184
177.107 180
177.157 176
177.208 173
177.258 170
177.308 168
177.359 166
177.409 164
177.46 162
177.51 161
177.561 159
177.611 158
177.661 157
177.712 157
177.762 156
177.813 161
177.863 166
177.914 171
177.964 175
178.015 178
178.065 181
178.115 183
178.166 186
178.216 188
178.267 189
178.317 191
178.368 192
178.418 193
178.468 194
178.519 195
178.569 196
178.62 197
178.67 197
178.721 198
178.771 198
178.821 198
178.872 199
178.922 199
178.973 199
179.023 200
179.074 200
179.124 200
179.174 200
179.225 200
179.275 194
179.326 189
179.376 184
179.427 180
179.477 176
179.527 173
179.578 170
179.628 168
179.679 166
179.729 164
179.78 162
179.83 161
179.881 160
179.931 158
179.981 157
180.032 157
180.082 156
180.133 162
180.183 167
180.234 171
180.284 175
180.334 178
180.385 181
180.435 183
180.486 186
180.536 188
180.587 189
180.637 191
180.687 192
180.738 193
180.788 194
180.839 195
180.889 196
180.94 197
180.99 197
181.04 198
181.091 198
181.141 199
181.192 199
181.242 199
181.293 199
181.343 200
181.393 200
181.444 200
181.494 200
181.545 200
181.595 194
181.646 189
181.696 184
181.746 180
181.797 176
181.847 173
181.898 170
181.948 168
181.999 166
182.049 164
182.1 162
182.15 161
182.2 159
182.251 158
182.301 157
182.352 157
182.402 156
182.453 162
182.503 167
182.553 171
182.604 175
182.654 178
182.705 181
182.755 183
182.806 186
182.856 188
182.906 189
182.957 191
183.007 192
183.058 193
183.108 194
183.159 195
183.209 196
183.259 197
183.31 197
183.36 198
183.411 198
183.461 198
183.512 199
183.562 199
183.612 199
183.663 200
183.713 200
183.764 200
183.814 200
183.865 200
183.915 194
183.965 189
184.016 184
184.066 180
184.117 176
184.167 173
184.218 170
184.268 168
184.319 166
184.369 164
184.419 162
184.47 161
184.52 160
184.571 158
184.621 158
184.672 157
184.722 156
184.772 162
184.823 166
184.873 171
184.924 175
184.974 178
185.025 181
185.075 183
185.125 186
185.176 188
185.226 189
185.277 191
185.327 192
185.378 193
185.428 194
185.478 195
185.529 196
185.579 197
185.63 197
185.68 198
185.731 198
185.781 199
185.831 199
185.882 199
185.932 199
185.983 200
186.033 200
186.084 200
186.134 200
186.185 200
186.235 194
186.285 189
186.336 184
186.386 180
186.437 176
186.487 173
186.538 170
186.588 168
186.638 166
186.689 164
186.739 162
186.79 161
186.84 160
186.891 158
186.941 157
186.991 157
187.042 156
187.092 162
187.143 167
187.193 171
187.244 175
187.294 178
187.344 181
187.395 183
187.445 186
187.496 188
187.546 189
187.597 191
187.647 192
187.697 193
187.748 194
187.798 195
187.849 196
187.899 197
187.95 197
188 198
188.05 198
188.101 198
188.151 199
188.202 199
188.252 199
188.303 200
188.353 200
188.404 200
188.454 200
188.504 200
188.555 194
188.605 189
188.656 184
188.706 180
188.757 176
188.807 173
188.857 170
188.908 168
188.958 166
189.009 164
189.059 162
189.11 161
189.16 160
189.21 158
189.261 157
189.311 157
189.362 156
189.412 162
189.463 167
189.513 171
189.563 175
189.614 178
189.664 181
189.715 183
189.765 186
189.816 188
189.866 189
189.916 191
189.967 192
190.017 193
190.068 194
190.118 195
190.169 196
190.219 197
190.269 197
190.32 198
190.37 198
190.421 198
190.471 199
190.522 199
190.572 199
190.623 200
190.673 200
190.723 200
190.774 200
190.824 200
190.875 194
190.925 189
190.976 184
191.026 180
191.076 176
191.127 173
191.177 170
191.228 168
191.278 166
191.329 164
191.379 162
191.429 161
191.48 159
191.53 158
191.581 157
191.631 157
191.682 156
191.732 162
191.782 167
191.833 171
191.883 175
191.934 178
191.984 181
192.035 183
192.085 186
192.135 188
192.186 189
192.236 191
192.287 192
192.337 193
192.388 194
192.438 195
192.488 196
192.539 197
192.589 197
192.64 198
192.69 198
192.741 198
192.791 199
192.842 199
192.892 199
192.942 200
192.993 200
193.043 200
193.094 200
193.144 200
193.195 194
193.245 189
193.295 184
193.346 180
193.396 176
193.447 173
193.497 170
193.548 168
193.598 166
193.648 164
193.699 162
193.749 161
193.8 159
193.85 158
193.901 157
193.951 157
194.001 156
194.052 162
194.102 167
194.153 171
194.203 175
194.254 178
194.304 181
194.354 183
194.405 186
194.455 188
194.506 189
194.556 191
194.607 192
194.657 193
194.708 194
194.758 195
194.808 196
194.859 196
194.909 197
194.96 198
195.01 198
195.061 199
195.111 199
195.161 199
195.212 199
195.262 200
195.313 200
195.363 200
195.414 200
195.464 200
195.514 194
195.565 189
195.615 184
195.666 180
195.716 176
195.767 173
195.817 170
195.867 168
195.918 166
195.968 164
196.019 162
196.069 161
196.12 160
196.17 159
196.22 158
196.271 157
196.321 156
196.372 161
196.422 166
196.473 171
196.523 175
196.573 178
196.624 181
196.674 183
196.725 186
196.775 188
196.826 189
196.876 191
196.927 192
196.977 193
197.027 194
197.078 195
197.128 196
197.179 197
197.229 197
197.28 198
197.33 198
197.38 198
197.431 199
197.481 199
197.532 199
197.582 200
197.633 200
197.683 200
197.733 200
197.784 200
197.834 194
197.885 189
197.935 184
197.986 180
198.036 176
198.086 173
198.137 170
198.187 168
198.238 166
198.288 164
198.339 162
198.389 161
198.439 160
198.49 158
198.54 157
198.591 157
198.641 156
198.692 162
198.742 167
198.792 171
198.843 175
198.893 178
198.944 181
198.994 183
199.045 186
199.095 188
199.146 189
199.196 191
199.246 192
199.297 193
199.347 194
199.398 195
199.448 196
199.499 197
199.549 197
199.599 198
199.65 198
199.7 198
199.751 199
199.801 199
199.852 199
199.902 200
199.952 200
200.003 200
200.053 200
200.104 200
200.154 194
200.205 189
200.255 184
200.305 180
200.356 176
200.406 173
200.457 170
200.507 168
200.558 166
200.608 164
200.658 162
200.709 161
200.759 159
200.81 158
200.86 157
200.911 157
200.961 156
201.012 162
201.062 167
201.112 171
201.163 175
201.213 178
201.264 181
201.314 183
201.365 186
201.415 188
201.465 189
201.516 191
201.566 192
201.617 193
201.667 194
201.718 195
201.768 196
201.818 197
201.869 197
201.919 198
201.97 198
202.02 199
202.071 199
202.121 199
202.171 200
202.222 200
202.272 200
202.323 200
202.373 200
202.424 200
202.474 194
202.524 189
202.575 184
202.625 180
202.676 176
202.726 173
202.777 170
202.827 168
202.877 166
202.928 164
202.978 162
203.029 161
203.079 160
203.13 158
203.18 158
203.231 157
203.281 156
203.331 162
203.382 166
203.432 171
203.483 175
203.533 178
203.584 181
203.634 183
203.684 186
203.735 188
203.785 189
203.836 191
203.886 192
203.937 193
203.987 194
204.037 195
204.088 196
204.138 197
204.189 197
204.239 198
204.29 198
204.34 199
204.39 199
204.441 199
204.491 199
204.542 200
204.592 200
204.643 200
204.693 200
204.743 200
204.794 194
204.844 189
204.895 184
204.945 180
204.996 176
205.046 173
205.096 170
205.147 168
205.197 166
205.248 164
205.298 162
205.349 161
205.399 160
205.45 158
205.5 157
205.55 157
205.601 156
205.651 162
205.702 167
205.752 171
205.803 175
205.853 178
205.903 181
205.954 183
206.004 186
206.055 188
206.105 189
206.156 191
206.206 192
206.256 193
206.307 194
206.357 195
206.408 196
206.458 197
206.509 197
206.559 198
206.609 198
206.66 198
206.71 199
206.761 199
206.811 199
206.862 200
206.912 200
206.962 200
207.013 200
207.063 200
207.114 194
207.164 189
207.215 184
207.265 180
207.316 176
207.366 173
207.416 170
207.467 168
207.517 166
207.568 164
207.618 162
207.669 161
207.719 160
207.769 158
207.82 157
207.87 157
207.921 156
207.971 162
208.022 167
208.072 171
208.122 175
208.173 178
208.223 181
208.274 183
208.324 186
208.375 188
208.425 189
208.475 191
208.526 192
208.576 193
208.627 194
208.677 195
208.728 196
208.778 197
208.828 197
208.879 198
208.929 198
208.98 198
209.03 199
209.081 199
209.131 199
209.181 200
209.232 200
209.282 200
209.333 200
209.383 200
209.434 194
209.484 189
209.535 184
209.585 180
209.635 176
209.686 173
209.736 170
209.787 168
209.837 166
209.888 164
209.938 162
209.988 161
210.039 159
210.089 158
210.14 157
210.19 157
210.241 156
210.291 161
210.341 166
210.392 171
210.442 175
210.493 178
210.543 181
210.594 183
210.644 186
210.694 188
210.745 189
210.795 191
210.846 192
210.896 193
210.947 194
210.997 195
211.047 196
211.098 197
211.148 197
211.199 198
211.249 198
211.3 198
211.35 199
211.4 199
211.451 199
211.501 200
211.552 200
211.602 200
211.653 200
211.703 200
211.754 194
211.804 189
211.854 184
211.905 180
211.955 176
212.006 173
212.056 170
212.107 168
212.157 166
212.207 164
212.258 162
212.308 161
212.359 159
212.409 158
212.46 157
212.51 157
212.56 156
212.611 162
212.661 167
212.712 171
212.762 175
212.813 178
212.863 181
212.913 183
212.964 186
213.014 188
213.065 189
213.115 191
213.166 192
213.216 193
213.266 194
213.317 195
213.367 196
213.418 196
213.468 197
213.519 198
213.569 198
213.62 199
213.67 199
213.72 199
213.771 199
213.821 200
213.872 200
213.922 200
213.973 200
214.023 200
214.073 194
214.124 189
214.174 184
214.225 180
214.275 176
214.326 173
214.376 170
214.426 168
214.477 166
214.527 164
214.578 162
214.628 161
214.679 160
214.729 159
214.779 158
214.83 157
214.88 156
214.931 161
214.981 166
215.032 171
215.082 175
215.132 178
215.183 181
215.233 183
215.284 186
215.334 188
215.385 189
215.435 191
215.485 192
215.536 193
215.586 194
215.637 195
215.687 196
215.738 197
215.788 197
215.839 198
215.889 198
215.939 198
215.99 199
216.04 199
216.091 199
216.141 200
216.192 200
216.242 200
216.292 200
216.343 200
216.393 194
216.444 189
216.494 184
216.545 180
216.595 176
216.645 173
216.696 170
216.746 168
216.797 166
216.847 164
216.898 162
216.948 161
216.998 160
217.049 158
217.099 157
217.15 157
217.2 156
217.251 162
217.301 167
217.351 171
217.402 175
217.452 178
217.503 181
217.553 183
217.604 186
217.654 188
217.704 189
217.755 191
217.805 192
217.856 193
217.906 194
217.957 195
218.007 196
218.058 197
218.108 197
218.158 198
218.209 198
218.259 198
218.31 199
218.36 199
218.411 199
218.461 200
218.511 200
218.562 200
218.612 200
218.663 200
218.713 194
218.764 189
218.814 184
218.864 180
218.915 176
218.965 173
219.016 170
219.066 168
219.117 166
219.167 164
219.217 162
219.268 161
219.318 159
219.369 158
219.419 157
219.47 157
219.52 156
219.57 162
219.621 167
219.671 171
219.722 175
219.772 178
219.823 181
219.873 183
219.924 186
219.974 188
220.024 189
220.075 191
220.125 192
220.176 193
220.226 194
220.277 195
220.327 196
220.377 197
220.428 197
220.478 198
220.529 198
220.579 199
220.63 199
220.68 199
220.73 199
220.781 200
220.831 200
220.882 200
220.932 200
220.983 200
221.033 194
221.083 189
221.134 184
221.184 180
221.235 176
221.285 173
221.336 170
221.386 168
221.436 166
221.487 164
221.537 162
221.588 161
221.638 160
221.689 158
221.739 158
221.789 157
221.84 156
221.89 162
221.941 166
221.991 171
222.042 175
222.092 178
222.143 181
222.193 183
222.243 186
222.294 188
222.344 189
222.395 191
222.445 192
222.496 193
222.546 194
222.596 195
222.647 196
222.697 197
222.748 197
222.798 198
222.849 198
222.899 198
222.949 199
223 199
223.05 199
223.101 200
223.151 200
223.202 200
223.252 200
223.302 200
223.353 194
223.403 189
223.454 184
223.504 180
223.555 176
223.605 173
223.655 170
223.706 168
223.756 166
223.807 164
223.857 162
223.908 161
223.958 160
224.008 158
224.059 157
224.109 157
224.16 156
224.21 162
224.261 167
224.311 171
224.362 175
224.412 178
224.462 181
224.513 183
224.563 186
224.614 188
224.664 189
224.715 191
224.765 192
224.815 193
224.866 194
224.916 195
224.967 196
225.017 197
225.068 197
225.118 198
225.168 198
225.219 198
225.269 199
225.32 199
225.37 199
225.421 200
225.471 200
225.521 200
225.572 200
225.622 200
225.673 194
225.723 189
225.774 184
225.824 180
225.874 176
225.925 173
225.975 170
226.026 168
226.076 166
226.127 164
226.177 162
226.228 161
226.278 160
226.328 158
226.379 157
226.429 157
226.48 156
226.53 162
226.581 167
226.631 171
226.681 175
226.732 178
226.782 181
226.833 183
226.883 186
226.934 188
226.984 189
227.034 191
227.085 192
227.135 193
227.186 194
227.236 195
227.287 196
227.337 197
227.387 197
227.438 198
227.488 198
227.539 198
227.589 199
227.64 199
227.69 199
227.74 200
227.791 200
227.841 200
227.892 200
227.942 200
227.993 194
228.043 189
228.093 184
228.144 180
228.194 176
228.245 173
228.295 170
228.346 168
228.396 166
228.447 164
228.497 162
228.547 161
228.598 159
228.648 158
228.699 157
228.749 157
228.8 156
228.85 161
228.9 166
228.951 171
229.001 175
229.052 178
229.102 181
229.153 183
229.203 186
229.253 188
229.304 189
229.354 191
229.405 192
229.455 193
229.506 194
229.556 195
229.606 196
229.657 197
229.707 197
229.758 198
229.808 198
229.859 199
229.909 199
229.959 199
230.01 199
230.06 200
230.111 200
230.161 200
230.212 200
230.262 200
230.312 194
230.363 189
230.413 184
230.464 180
230.514 176
230.565 173
230.615 170
230.666 168
230.716 166
230.766 164
230.817 162
230.867 161
230.918 159
230.968 158
231.019 157
231.069 157
231.119 156
231.17 161
231.22 166
231.271 171
231.321 175
231.372 178
231.422 181
231.472 184
231.523 186
231.573 188
231.624 189
231.674 191
231.725 192
231.775 193
231.825 194
231.876 195
231.926 196
231.977 196
232.027 197
232.078 198
232.128 198
232.178 199
232.229 199
232.279 199
232.33 199
232.38 200
232.431 200
232.481 200
232.532 200
232.582 200
232.632 194
232.683 189
232.733 184
232.784 180
232.834 176
232.885 173
232.935 170
232.985 168
233.036 166
233.086 164
233.137 162
233.187 161
233.238 160
233.288 158
233.338 157
233.389 157
233.439 156
233.49 162
233.54 167
233.591 171
233.641 175
233.691 178
233.742 181
233.792 183
233.843 186
233.893 188
233.944 189
233.994 191
234.044 192
234.095 193
234.145 194
234.196 195
234.246 196
234.297 197
234.347 197
234.397 198
234.448 198
234.498 198
234.549 199
234.599 199
234.65 199
234.7 200
234.751 200
234.801 200
234.851 200
234.902 200
234.952 194
235.003 189
235.053 184
235.104 180
235.154 176
235.204 173
235.255 170
235.305 168
235.356 166
235.406 164
235.457 162
235.507 161
235.557 159
235.608 158
235.91 157
235.961 156
236.023 157
236.074 158
236.137 160
236.187 160
236.25 162
236.3 162
236.363 164
236.413 164
236.476 165
236.526 165
236.589 166
236.639 166
236.689 166
236.74 164
236.79 162
236.841 161
236.891 159
236.942 158
236.992 157
237.043 157
237.093 156
237.143 155
237.194 155
237.244 154
237.295 154
237.345 160
237.396 165
237.446 169
237.496 173
237.547 177
237.597 180
