120.198 3741
120.198 4081
120.248 4421
120.248 4761
120.248 5101
120.299 5441
120.299 5781
120.299 6121
120.349 6461
120.349 6801
120.349 7141
120.399 7481
120.399 7821
120.399 8161
120.45 8501
120.5 8841
120.5 9181
120.551 9521
120.551 9861
120.601 10201
120.601 10541
120.652 10881
120.652 11221
120.702 11561
120.702 11901
120.752 12241
120.752 12581
120.803 12921
120.853 13261
120.853 13601
120.904 13941
120.904 14281
120.954 14621
120.954 14961
121.005 15301
121.005 15641
121.055 15981
121.055 16321
121.105 16661
121.156 17001
121.156 17341
121.206 17681
121.206 18021
121.257 18361
121.257 18701
121.307 19041
121.307 19381
121.358 19721
121.358 20061
121.408 20401
121.458 20741
121.458 21081
121.509 21421
121.509 21761
121.559 22101
121.559 22441
121.61 22781
121.61 23121
121.66 23461
121.711 23801
121.711 24141
121.761 24481
121.761 24821
121.811 25161
121.811 25501
121.862 25841
121.862 26181
121.912 26521
121.963 26861
121.963 27201
122.013 27541
122.013 27881
122.064 28221
122.064 28561
122.114 28901
122.164 29241
122.164 29581
122.215 29921
122.215 30261
122.265 30601
122.265 30941
122.316 31281
122.366 31621
122.366 31961
122.417 32301
122.417 32641
122.467 32981
122.518 33321
122.518 33661
122.568 34001
122.568 34341
122.618 34681
122.618 35021
122.669 35361
122.669 35701
122.719 36041
122.719 36381
122.77 36721
122.77 37061
122.82 37401
122.82 37741
122.871 38081
122.871 38421
122.921 38761
122.921 39101
122.971 39441
122.971 39781
123.022 40121
123.022 40461
123.072 40801
123.072 41141
123.123 41481
123.123 41821
123.173 42161
123.173 42501
123.224 42841
123.224 43181
123.274 43521
123.274 43861
123.324 44201
123.324 44541
123.324 44881
123.375 45221
123.375 45561
123.425 45901
123.425 46241
123.476 46581
123.476 46921
123.526 47261
123.526 47601
123.577 47941
123.577 48281
123.627 48621
123.627 48961
123.677 49301
123.677 49641
123.728 49981
123.728 50321
123.778 50661
123.778 51001
123.829 51341
123.829 51681
123.879 52021
123.879 52361
123.93 52701
123.93 53041
123.98 53381
123.98 53721
124.03 54061
124.03 54401
124.081 54741
124.081 55081
124.131 55421
124.131 55761
124.182 56101
124.182 56441
124.232 56781
124.232 57121
124.283 57461
124.283 57801
124.333 58141
124.333 58481
124.383 58821
124.383 59161
124.434 59501
124.434 59841
124.484 60181
124.484 60521
124.535 60861
124.535 61201
124.585 61541
124.585 61881
124.636 62221
124.636 62561
124.686 62901
124.686 63241
124.737 63581
124.737 63921
124.787 64261
124.837 64601
124.837 64941
124.888 65281
124.888 65621
124.938 65961
124.938 66301
124.989 66641
124.989 66981
125.039 67321
125.039 67661
125.09 68001
125.09 68341
125.14 68681
125.14 69021
125.19 69361
125.19 69701
125.241 70041
125.241 70381
125.291 70721
125.291 71061
125.342 71401
125.342 71741
125.392 72081
125.392 72421
125.443 72761
125.443 73101
125.493 73441
125.493 73781
125.543 74121
125.543 74461
125.594 74801
125.594 75141
125.644 75481
125.644 75821
125.644 76161
125.695 76501
125.695 76841
125.745 77181
125.745 77521
125.796 77861
125.796 78201
125.846 78541
125.846 78881
125.896 79221
125.896 79561
125.947 79901
125.947 80241
125.997 80581
125.997 80921
126.048 81261
126.048 81601
126.098 81941
126.098 82281
126.149 82621
126.149 82961
126.199 83301
126.199 83641
126.249 83981
126.249 84321
126.3 84661
126.3 85001
126.35 85341
126.35 85681
126.401 86021
126.401 86361
126.451 86701
126.451 87041
126.502 87381
126.502 87721
126.552 88061
126.552 88401
126.603 88741
126.603 89081
126.653 89421
126.653 89761
126.703 90101
126.703 90441
126.754 90781
126.754 91121
126.804 91461
126.804 91801
126.855 92141
126.855 92481
126.905 92821
126.905 93161
126.956 93501
126.956 93841
127.006 94181
127.006 94521
127.056 94861
127.056 95201
127.107 95541
127.157 95881
127.157 96221
127.208 96561
127.208 96901
127.258 97241
127.258 97581
127.309 97921
127.309 98261
127.359 98601
127.359 98941
127.409 99281
127.409 99621
127.46 99961
127.46 100301
127.51 100641
127.51 100981
127.561 101321
127.561 101661
127.611 102001
127.611 102341
127.662 102681
127.662 103021
127.712 103361
127.712 103701
127.762 104041
127.762 104381
127.813 104721
127.813 105061
127.863 105401
127.863 105741
127.914 106081
127.914 106421
127.964 106761
127.964 107101
127.964 107441
128.015 107781
128.015 108121
128.065 108461
128.065 108801
128.115 109141
128.115 109481
128.166 109821
128.166 110161
128.216 110501
128.216 110841
128.267 111181
128.267 111521
128.317 111861
128.317 112201
128.368 112541
128.368 112881
128.418 113221
128.418 113561
128.468 113901
128.468 114241
128.519 114581
128.519 114921
128.569 115261
128.569 115601
128.62 115941
128.62 116281
128.67 116621
128.67 116961
128.721 117301
128.721 117641
128.771 117981
128.771 118321
128.822 118661
128.822 119001
128.872 119341
128.872 119681
128.922 120021
128.922 120361
128.973 120701
128.973 121041
129.023 121381
129.023 121721
129.074 122061
129.074 122401
129.124 122741
129.124 123081
129.175 123421
129.175 123761
129.225 124101
129.225 124441
129.275 124781
129.275 125121
129.326 125461
129.326 125801
129.376 126141
129.376 126481
129.427 126821
129.477 127161
129.477 127501
129.528 127841
129.528 128181
129.578 128521
129.578 128861
129.628 129201
129.628 129541
129.679 129881
129.679 130221
129.729 130561
129.729 130901
129.78 131241
129.78 131581
129.83 131921
129.83 132261
129.881 132601
129.881 132941
129.931 133281
129.931 133621
129.981 133961
129.981 134301
130.032 134641
130.032 134981
130.082 135321
130.082 135661
130.133 136001
130.133 136341
130.183 136681
130.183 137021
130.234 137361
130.234 137701
130.284 138041
130.284 138381
130.284 138721
130.334 139061
130.334 139401
130.385 139741
130.385 140081
130.435 140421
130.435 140761
130.486 141101
130.486 141441
130.536 141781
130.536 142121
130.587 142461
130.587 142801
130.637 143141
130.637 143481
130.687 143821
130.687 144161
130.738 144501
130.738 144841
130.788 145181
130.788 145521
130.839 145861
130.839 146201
130.889 146541
130.889 146881
130.94 147221
130.94 147561
130.99 147901
130.99 148241
131.041 148581
131.041 148921
131.091 149261
131.091 149601
131.141 149941
131.141 150281
131.192 150621
131.192 150961
131.242 151301
131.242 151641
131.293 151981
131.293 152321
131.343 152661
131.343 153001
131.394 153341
131.394 153681
131.444 154021
131.444 154361
131.494 154701
131.494 155041
131.545 155381
131.545 155721
131.595 156061
131.595 156401
131.646 156741
131.646 157081
131.696 157421
131.696 157761
131.747 158101
131.797 158441
131.797 158781
131.847 159121
131.847 159461
131.898 159801
131.898 160141
131.948 160481
131.948 160821
131.999 161161
131.999 161501
132.049 161841
132.049 162181
132.1 162521
132.1 162861
132.15 163201
132.15 163541
132.2 163881
132.2 164221
132.251 164561
132.251 164901
132.301 165241
132.301 165581
132.352 165921
132.352 166261
132.402 166601
132.402 166941
132.453 167281
132.453 167621
132.503 167961
132.503 168301
132.553 168641
132.553 168981
132.604 169321
132.604 169661
132.604 170001
132.654 170341
132.654 170681
132.705 171021
132.705 171361
132.755 171701
132.755 172041
132.806 172381
132.806 172721
132.856 173061
132.856 173401
132.907 173741
132.907 174081
132.957 174421
132.957 174761
133.007 175101
133.007 175441
133.058 175781
133.058 176121
133.108 176461
133.108 176801
133.159 177141
133.159 177481
133.209 177821
133.209 178161
133.26 178501
133.26 178841
133.31 179181
133.31 179521
133.36 179861
133.36 180201
133.411 180541
133.411 180881
133.461 181221
133.461 181561
133.512 181901
133.512 182241
133.562 182581
133.562 182921
133.613 183261
133.613 183601
133.663 183941
133.663 184281
133.713 184621
133.713 184961
133.764 185301
133.764 185641
133.814 185981
133.814 186321
133.865 186661
133.865 187001
133.915 187341
133.915 187681
133.966 188021
133.966 188361
134.016 188701
134.016 189041
134.066 189381
134.117 189721
134.117 190061
134.167 190401
134.167 190741
134.218 191081
134.218 191421
134.268 191761
134.268 192101
134.319 192441
134.319 192781
134.369 193121
134.369 193461
134.419 193801
134.419 194141
134.47 194481
134.47 194821
134.52 195161
134.52 195501
134.571 195841
134.571 196181
134.621 196521
134.621 196861
134.672 197201
134.672 197541
134.722 197881
134.722 198221
134.772 198561
134.772 198901
134.823 199241
134.823 199581
134.873 199921
134.873 200261
134.924 200601
134.924 200941
134.924 201281
134.974 201621
134.974 201961
135.025 202301
135.025 202641
135.075 202981
135.075 203321
135.126 203661
135.126 204001
135.176 204341
135.176 204681
135.226 205021
135.226 205361
135.277 205701
135.277 206041
135.327 206381
135.327 206721
135.378 207061
135.378 207401
135.428 207741
135.428 208081
135.479 208421
135.479 208761
135.529 209101
135.529 209441
135.579 209781
135.579 210121
135.63 210461
135.63 210801
135.68 211141
135.68 211481
135.731 211821
135.731 212161
135.781 212501
135.781 212841
135.832 213181
135.832 213521
135.882 213861
135.882 214201
135.932 214541
135.932 214881
135.983 215221
135.983 215561
136.033 215901
136.033 216241
136.084 216581
136.084 216921
136.134 217261
136.134 217601
136.185 217941
136.185 218281
136.235 218621
136.235 218961
136.285 219301
136.285 219641
136.336 219981
136.336 220321
136.386 220661
136.437 221001
136.437 221341
136.487 221681
136.487 222021
136.538 222361
136.538 222701
136.588 223041
136.588 223381
136.638 223721
136.638 224061
136.689 224401
136.689 224741
136.739 225081
136.739 225421
136.79 225761
136.79 226101
136.84 226441
136.84 226781
136.891 227121
136.891 227461
136.941 227801
136.941 228141
136.991 228481
136.991 228821
137.042 229161
137.042 229501
137.092 229841
137.092 230181
137.143 230521
137.143 230861
137.193 231201
137.193 231541
137.244 231881
137.244 232221
137.244 232561
137.294 232901
137.294 233241
137.345 233581
137.345 233921
137.395 234261
137.395 234601
137.445 234941
137.445 235281
137.496 235621
137.496 235961
137.546 236301
137.546 236641
137.597 236981
137.597 237321
137.647 237661
137.647 238001
137.698 238341
137.698 238681
137.748 239021
137.748 239361
137.798 239701
137.798 240041
137.849 240381
137.849 240721
137.899 241061
137.899 241401
137.95 241741
137.95 242081
138 242421
138 242761
138.051 243101
138.051 243441
138.101 243781
138.101 244121
138.151 244461
138.151 244801
138.202 245141
138.202 245481
138.252 245821
138.252 246161
138.303 246501
138.303 246841
138.353 247181
138.353 247521
138.404 247861
138.404 248201
138.454 248541
138.454 248881
138.504 249221
138.504 249561
138.555 249901
138.555 250241
138.605 250581
138.605 250921
138.656 251261
138.656 251601
138.706 251941
138.757 252281
138.757 252621
138.807 252961
138.807 253301
138.857 253641
138.857 253981
138.908 254321
138.908 254661
138.958 255001
138.958 255341
139.009 255681
139.009 256021
139.059 256361
139.059 256701
139.11 257041
139.11 257381
139.16 257721
139.16 258061
139.211 258401
139.211 258741
139.261 259081
139.261 259421
139.311 259761
139.311 260101
139.362 260441
139.362 260781
139.412 261121
139.412 261461
139.463 261801
139.463 262141
139.513 262481
139.513 262821
139.564 263161
139.564 263501
139.564 263841
139.614 264181
139.614 264521
139.664 264861
139.664 265201
139.715 265541
139.715 265881
139.765 266221
139.765 266561
139.816 266901
139.816 267241
139.866 267581
139.866 267921
139.917 268261
139.917 268601
139.967 268941
139.967 269281
140.017 269621
140.017 269961
140.068 270301
140.068 270641
140.118 270981
140.118 271321
140.169 271661
140.169 272001
140.219 272341
140.219 272681
140.27 273021
140.27 273361
140.32 273701
140.32 274041
140.37 274381
140.37 274721
140.421 275061
140.421 275401
140.471 275741
140.471 276081
140.522 276421
140.522 276761
140.572 277101
140.572 277441
140.623 277781
140.623 278121
140.673 278461
140.673 278801
140.723 279141
140.723 279481
140.774 279821
140.774 280161
140.824 280501
140.824 280841
140.875 281181
140.875 281521
140.925 281861
140.925 282201
140.976 282541
140.976 282881
141.026 283221
141.076 283561
141.076 283901
141.127 284241
141.127 284581
141.177 284921
141.177 285261
141.228 285601
141.228 285941
141.278 286281
141.278 286621
141.329 286961
141.329 287301
141.379 287641
141.379 287981
141.43 288321
141.43 288661
141.48 289001
141.48 289341
141.53 289681
141.53 290021
141.581 290361
141.581 290701
141.631 291041
141.631 291381
141.682 291721
141.682 292061
141.732 292401
141.732 292741
141.783 293081
141.783 293421
141.833 293761
141.833 294101
141.883 294441
141.883 294781
141.883 295121
141.934 295461
141.934 295801
141.984 296141
141.984 296481
142.035 296821
142.035 297161
142.085 297501
142.085 297841
142.136 298181
142.136 298521
142.186 298861
142.186 299201
142.236 299541
142.236 299881
142.287 300221
142.287 300561
142.337 300901
142.337 301241
142.388 301581
142.388 301921
142.438 302261
142.438 302601
142.489 302941
142.489 303281
142.539 303621
142.539 303961
142.589 304301
142.589 304641
142.64 304981
142.64 305321
142.69 305661
142.69 306001
142.741 306341
142.741 306681
142.791 307021
142.791 307361
142.842 307701
142.842 308041
142.892 308381
142.892 308721
142.942 309061
142.942 309401
142.993 309741
142.993 310081
143.043 310421
143.043 310761
143.094 311101
143.094 311441
143.144 311781
143.144 312121
143.195 312461
143.195 312801
143.245 313141
143.245 313481
143.295 313821
143.295 314161
143.346 314501
143.396 314841
143.396 315181
143.447 315521
143.447 315861
143.497 316201
143.497 316541
143.548 316881
143.548 317221
143.598 317561
143.598 317901
143.649 318241
143.649 318581
143.699 318921
143.699 319261
143.749 319601
143.749 319941
143.8 320281
143.8 320621
143.85 320961
143.85 321301
143.901 321641
143.901 321981
143.951 322321
143.951 322661
144.002 323001
144.002 323341
144.052 323681
144.052 324021
144.102 324361
144.102 324701
144.153 325041
144.153 325381
144.203 325721
144.203 326061
144.203 326401
144.254 326741
144.254 327081
144.304 327421
144.304 327761
144.355 328101
144.355 328441
144.405 328781
144.405 329121
144.455 329461
144.455 329801
144.506 330141
144.506 330481
144.556 330821
144.556 331161
144.607 331501
144.607 331841
144.657 332181
144.657 332521
144.708 332861
144.708 333201
144.758 333541
144.758 333881
144.808 334221
144.808 334561
144.859 334901
144.859 335241
144.909 335581
144.909 335921
144.96 336261
144.96 336601
145.01 336941
145.01 337281
145.061 337621
145.061 337961
145.111 338301
145.111 338641
145.161 338981
145.161 339321
145.212 339661
145.212 340001
145.262 340341
145.262 340681
145.313 341021
145.313 341361
145.363 341701
145.363 342041
145.414 342381
145.414 342721
145.464 343061
145.464 343401
145.515 343741
145.515 344081
145.565 344421
145.565 344761
145.615 345101
145.615 345441
145.666 345781
145.716 346121
145.716 346461
145.767 346801
145.767 347141
145.817 347481
145.817 347821
145.868 348161
145.868 348501
145.918 348841
145.918 349181
145.968 349521
145.968 349861
146.019 350201
146.019 350541
146.069 350881
146.069 351221
146.12 351561
146.12 351901
146.17 352241
146.17 352581
146.221 352921
146.221 353261
146.271 353601
146.271 353941
146.321 354281
146.321 354621
146.372 354961
146.372 355301
146.422 355641
146.422 355981
146.473 356321
146.473 356661
146.523 357001
146.523 357341
146.523 357681
146.574 358021
146.574 358361
146.624 358701
146.624 359041
146.674 359381
146.674 359721
146.725 360061
146.725 360401
146.775 360741
146.775 361081
146.826 361421
146.826 361761
146.876 362101
146.876 362441
146.927 362781
146.927 363121
146.977 363461
146.977 363801
147.027 364141
147.027 364481
147.078 364821
147.078 365161
147.128 365501
147.128 365841
147.179 366181
147.179 366521
147.229 366861
147.229 367201
147.28 367541
147.28 367881
147.33 368221
147.33 368561
147.38 368901
147.38 369241
147.431 369581
147.431 369921
147.481 370261
147.481 370601
147.532 370941
147.532 371281
147.582 371621
147.582 371961
147.633 372301
147.633 372641
147.683 372981
147.683 373321
147.734 373661
147.734 374001
147.784 374341
147.784 374681
147.834 375021
147.834 375361
147.885 375701
147.885 376041
147.935 376381
147.935 376721
147.986 377061
148.036 377401
148.036 377741
148.087 378081
148.087 378421
148.137 378761
148.137 379101
148.187 379441
148.187 379781
148.238 380121
148.238 380461
148.288 380801
148.288 381141
148.339 381481
148.339 381821
148.389 382161
148.389 382501
148.44 382841
148.44 383181
148.49 383521
148.49 383861
148.54 384201
148.54 384541
148.591 384881
148.591 385221
148.641 385561
148.641 385901
148.692 386241
148.692 386581
148.742 386921
148.742 387261
148.793 387601
148.793 387941
148.843 388281
148.843 388621
148.843 388961
148.893 389301
148.893 389641
148.944 389981
148.944 390321
148.994 390661
148.994 391001
149.045 391341
149.045 391681
149.146 392021
149.146 392361
149.146 392701
149.146 393041
149.196 393381
149.196 393721
149.259 394061
149.259 394401
149.309 394741
149.309 395081
149.359 395421
149.359 395761
149.41 396101
149.41 396441
149.46 396781
149.46 397121
149.511 397461
149.511 397801
149.561 398141
149.561 398481
149.612 398821
149.612 399161
149.662 399501
149.662 399841
149.713 400181
149.713 400521
149.763 400861
149.763 401201
149.813 401541
149.813 401881
149.864 402221
149.864 402561
149.914 402901
149.914 403241
149.965 403581
149.965 403921
150.015 404261
150.015 404601
150.066 404941
150.066 405281
150.116 405621
150.116 405961
150.166 406301
150.166 406641
150.217 406981
150.217 407321
150.267 407661
150.267 408001
150.318 408341
150.368 408681
150.368 409021
150.419 409361
150.419 409701
150.469 410041
150.469 410381
150.519 410721
150.519 411061
150.57 411401
150.57 411741
150.62 412081
150.62 412421
150.671 412761
150.671 413101
150.721 413441
150.721 413781
150.772 414121
150.772 414461
150.822 414801
150.822 415141
150.872 415481
150.872 415821
150.923 416161
150.923 416501
150.973 416841
150.973 417181
151.024 417521
151.024 417861
151.074 418201
151.074 418541
151.125 418881
151.125 419221
151.175 419561
151.175 419901
151.175 420241
151.225 420581
151.225 420921
151.276 421261
151.276 421601
151.326 421941
151.326 422281
151.377 422621
151.377 422961
151.427 423301
151.427 423641
151.478 423981
151.478 424321
151.528 424661
151.528 425001
151.579 425341
151.579 425681
151.629 426021
151.629 426361
151.679 426701
151.679 427041
151.73 427381
151.73 427721
151.78 428061
151.78 428401
151.831 428741
151.831 429081
151.881 429421
151.881 429761
151.932 430101
151.932 430441
151.982 430781
151.982 431121
152.032 431461
152.032 431801
152.083 432141
152.083 432481
152.133 432821
152.133 433161
152.184 433501
152.184 433841
152.234 434181
152.234 434521
152.285 434861
152.285 435201
152.335 435541
152.335 435881
152.385 436221
152.385 436561
152.436 436901
152.436 437241
152.486 437581
152.486 437921
152.537 438261
152.537 438601
152.587 438941
152.587 439281
152.638 439621
152.688 439961
152.688 440301
152.738 440641
152.738 440981
152.789 441321
152.789 441661
152.839 442001
152.839 442341
152.89 442681
152.89 443021
152.94 443361
152.94 443701
152.991 444041
152.991 444381
153.041 444721
153.041 445061
153.091 445401
153.091 445741
153.142 446081
153.142 446421
153.192 446761
153.192 447101
153.243 447441
153.243 447781
153.293 448121
153.293 448461
153.344 448801
153.344 449141
153.394 449481
153.394 449821
153.444 450161
153.444 450501
153.495 450841
153.495 451181
153.495 451521
153.545 451861
153.545 452201
153.596 452541
153.596 452881
153.646 453221
153.646 453561
153.697 453901
153.697 454241
153.747 454581
153.747 454921
153.798 455261
153.798 455601
153.848 455941
153.848 456281
153.898 456621
153.898 456961
153.949 457301
153.949 457641
153.999 457981
153.999 458321
154.05 458661
154.05 459001
154.1 459341
154.1 459681
154.151 460021
154.151 460361
154.201 460701
154.201 461041
154.251 461381
154.251 461721
154.302 462061
154.302 462401
154.352 462741
154.352 463081
154.403 463421
154.403 463761
154.453 464101
154.453 464441
154.504 464781
154.504 465121
154.554 465461
154.554 465801
154.604 466141
154.604 466481
154.655 466821
154.655 467161
154.705 467501
154.705 467841
154.756 468181
154.756 468521
154.806 468861
154.806 469201
154.857 469541
154.857 469881
154.907 470221
154.907 470561
154.957 470901
155.008 471241
155.008 471581
155.058 471921
155.058 472261
155.109 472601
155.109 472941
155.159 473281
155.159 473621
155.21 473961
155.21 474301
155.26 474641
155.26 474981
155.31 475321
155.31 475661
155.361 476001
155.361 476341
155.411 476681
155.411 477021
155.462 477361
155.462 477701
155.512 478041
155.512 478381
155.563 478721
155.563 479061
155.613 479401
155.613 479741
155.663 480081
155.663 480421
155.714 480761
155.714 481101
155.764 481441
155.764 481781
155.815 482121
155.815 482461
155.815 482801
155.865 483141
155.865 483481
155.916 483821
155.916 484161
155.966 484501
155.966 484841
156.017 485181
156.017 485521
156.067 485861
156.067 486201
156.117 486541
156.117 486881
156.168 487221
156.168 487561
156.218 487901
156.218 488241
156.269 488581
156.269 488921
156.319 489261
156.319 489601
156.37 489941
156.37 490281
156.42 490621
156.42 490961
156.47 491301
156.47 491641
156.521 491981
156.521 492321
156.571 492661
156.571 493001
156.622 493341
156.622 493681
156.672 494021
156.672 494361
156.723 494701
156.723 495041
156.773 495381
156.773 495721
156.823 496061
156.823 496401
156.874 496741
156.874 497081
156.924 497421
156.924 497761
156.975 498101
156.975 498441
157.025 498781
157.025 499121
157.076 499461
157.076 499801
157.126 500141
157.126 500481
157.176 500821
157.176 501161
157.227 501501
157.227 501841
157.277 502181
157.328 502521
157.328 502861
157.378 503201
157.378 503541
157.429 503881
157.429 504221
157.479 504561
157.479 504901
157.529 505241
157.529 505581
157.58 505921
157.58 506261
157.63 506601
157.63 506941
157.681 507281
157.681 507621
157.731 507961
157.731 508301
157.782 508641
157.782 508981
157.832 509321
157.832 509661
157.883 510001
157.883 510341
157.933 510681
157.933 511021
157.983 511361
157.983 511701
158.034 512041
158.034 512381
158.084 512721
158.084 513061
158.135 513401
158.135 513741
158.135 514081
158.185 514421
158.185 514761
158.236 515101
158.236 515441
158.286 515781
158.286 516121
158.336 516461
158.336 516801
158.387 517141
158.387 517481
158.437 517821
158.437 518161
158.488 518501
158.488 518841
158.538 519181
158.538 519521
158.589 519861
158.589 520201
158.639 520541
158.639 520881
158.689 521221
158.689 521561
158.74 521901
158.74 522241
158.79 522581
158.79 522921
158.841 523261
158.841 523601
158.891 523941
158.891 524281
158.942 524621
158.942 524961
158.992 525301
158.992 525641
159.042 525981
159.042 526321
159.093 526661
159.093 527001
159.143 527341
159.143 527681
159.194 528021
159.194 528361
159.244 528701
159.244 529041
159.295 529381
159.295 529721
159.345 530061
159.345 530401
159.395 530741
159.395 531081
159.446 531421
159.446 531761
159.496 532101
159.496 532441
159.547 532781
159.547 533121
159.597 533461
159.648 533801
159.648 534141
159.698 534481
159.698 534821
159.748 535161
159.748 535501
159.799 535841
159.799 536181
159.849 536521
159.849 536861
159.9 537201
159.9 537541
159.95 537881
159.95 538221
160.001 538561
160.001 538901
160.051 539241
160.051 539581
160.102 539921
160.102 540261
160.152 540601
160.152 540941
160.202 541281
160.202 541621
160.253 541961
160.253 542301
160.303 542641
160.303 542981
160.354 543321
160.354 543661
160.404 544001
160.404 544341
160.455 544681
160.455 545021
160.455 545361
160.505 545701
160.505 546041
160.555 546381
160.555 546721
160.606 547061
160.606 547401
160.656 547741
160.656 548081
160.707 548421
160.707 548761
160.757 549101
160.757 549441
160.808 549781
160.808 550121
160.858 550461
160.858 550801
160.908 551141
160.908 551481
160.959 551821
160.959 552161
161.009 552501
161.009 552841
161.06 553181
161.06 553521
161.11 553861
161.11 554201
161.161 554541
161.161 554881
161.211 555221
161.211 555561
161.261 555901
161.261 556241
161.312 556581
161.312 556921
161.362 557261
161.362 557601
161.413 557941
161.413 558281
161.463 558621
161.463 558961
161.514 559301
161.514 559641
161.564 559981
161.564 560321
161.614 560661
161.614 561001
161.665 561341
161.665 561681
161.715 562021
161.715 562361
161.766 562701
161.766 563041
161.816 563381
161.816 563721
161.867 564061
161.867 564401
161.917 564741
161.968 565081
161.968 565421
162.018 565761
162.018 566101
162.068 566441
162.068 566781
162.119 567121
162.119 567461
162.169 567801
162.169 568141
162.22 568481
162.22 568821
162.27 569161
162.27 569501
162.321 569841
162.321 570181
162.371 570521
162.371 570861
162.421 571201
162.421 571541
162.472 571881
162.472 572221
162.522 572561
162.522 572901
162.573 573241
162.573 573581
162.623 573921
162.623 574261
162.674 574601
162.674 574941
162.724 575281
162.724 575621
162.774 575961
162.774 576301
162.774 576641
162.825 576981
162.825 577321
162.875 577661
162.875 578001
162.926 578341
162.926 578681
162.976 579021
162.976 579361
163.027 579701
163.027 580041
163.077 580381
163.077 580721
163.127 581061
163.127 581401
163.178 581741
163.178 582081
163.228 582421
163.228 582761
163.279 583101
163.279 583441
163.329 583781
163.329 584121
163.38 584461
163.38 584801
163.43 585141
163.43 585481
163.48 585821
163.48 586161
163.531 586501
163.531 586841
163.581 587181
163.581 587521
163.632 587861
163.632 588201
163.682 588541
163.682 588881
163.733 589221
163.733 589561
163.783 589901
163.783 590241
163.833 590581
163.833 590921
163.884 591261
163.884 591601
163.934 591941
163.934 592281
163.985 592621
163.985 592961
164.035 593301
164.035 593641
164.086 593981
164.086 594321
164.136 594661
164.136 595001
164.187 595341
164.187 595681
164.237 596021
164.287 596361
164.287 596701
164.338 597041
164.338 597381
164.388 597721
164.388 598061
164.439 598401
164.439 598741
164.489 599081
164.489 599421
164.54 599761
164.54 600101
164.59 600441
164.59 600781
164.64 601121
164.64 601461
164.691 601801
164.691 602141
164.741 602481
164.741 602821
164.792 603161
164.792 603501
164.842 603841
164.842 604181
164.893 604521
164.893 604861
164.943 605201
164.943 605541
164.993 605881
164.993 606221
165.044 606561
165.044 606901
165.094 607241
165.094 607581
165.094 607921
165.145 608261
165.145 608601
165.195 608941
165.195 609281
165.246 609621
165.246 609961
165.296 610301
165.296 610641
165.346 610981
165.346 611321
165.397 611661
165.397 612001
165.447 612341
165.447 612681
165.498 613021
165.498 613361
165.548 613701
165.548 614041
165.599 614381
165.599 614721
165.649 615061
165.649 615401
165.699 615741
165.699 616081
165.75 616421
165.75 616761
165.8 617101
165.8 617441
165.851 617781
165.851 618121
165.901 618461
165.901 618801
165.952 619141
165.952 619481
166.002 619821
166.002 620161
166.052 620501
166.052 620841
166.103 621181
166.103 621521
166.153 621861
166.153 622201
166.204 622541
166.204 622881
166.254 623221
166.254 623561
166.305 623901
166.305 624241
166.355 624581
166.355 624921
166.406 625261
166.406 625601
166.456 625941
166.456 626281
166.506 626621
166.506 626961
166.557 627301
166.607 627641
166.607 627981
166.658 628321
166.658 628661
166.708 629001
166.708 629341
166.759 629681
166.759 630021
166.809 630361
166.809 630701
166.859 631041
166.859 631381
166.91 631721
166.91 632061
166.96 632401
166.96 632741
167.011 633081
167.011 633421
167.061 633761
167.061 634101
167.112 634441
167.112 634781
167.162 635121
167.162 635461
167.212 635801
167.212 636141
167.263 636481
167.263 636821
167.313 637161
167.313 637501
167.364 637841
167.364 638181
167.414 638521
167.414 638861
167.414 639201
167.465 639541
167.465 639881
167.515 640221
167.515 640561
167.565 640901
167.565 641241
167.616 641581
167.616 641921
167.666 642261
167.666 642601
167.717 642941
167.717 643281
167.767 643621
167.767 643961
167.818 644301
167.818 644641
167.868 644981
167.868 645321
167.918 645661
167.918 646001
167.969 646341
167.969 646681
168.019 647021
168.019 647361
168.07 647701
168.07 648041
168.12 648381
168.12 648721
168.171 649061
168.171 649401
168.221 649741
168.221 650081
168.272 650421
168.272 650761
168.322 651101
168.322 651441
168.372 651781
168.372 652121
168.423 652461
168.423 652801
168.473 653141
168.473 653481
168.524 653821
168.524 654161
168.574 654501
168.574 654841
168.625 655181
168.625 655521
168.675 655861
168.675 656201
168.725 656541
168.725 656881
168.776 657221
168.776 657561
168.826 657901
168.826 658241
168.877 658581
168.927 658921
168.927 659261
168.978 659601
168.978 659941
169.028 660281
169.028 660621
169.078 660961
169.078 661301
169.129 661641
169.129 661981
169.179 662321
169.179 662661
169.23 663001
169.23 663341
169.28 663681
169.28 664021
169.331 664361
169.331 664701
169.381 665041
169.381 665381
169.482 665721
169.482 666061
169.482 666401
169.482 666741
169.532 667081
169.532 667421
169.62 667761
169.62 668101
169.671 668441
169.671 668781
169.721 669121
169.721 669461
169.771 669801
169.771 670141
169.771 670481
169.822 670821
169.822 671161
169.872 671501
169.872 671841
169.923 672181
169.923 672521
169.973 672861
169.973 673201
170.024 673541
170.024 673881
170.074 674221
170.074 674561
170.124 674901
170.124 675241
170.175 675581
170.175 675921
170.225 676261
170.225 676601
170.276 676941
170.276 677281
170.326 677621
170.326 677961
170.377 678301
170.377 678641
170.427 678981
170.427 679321
170.477 679661
170.477 680001
170.528 680341
170.528 680681
170.578 681021
170.578 681361
170.629 681701
170.629 682041
170.679 682381
170.679 682721
170.73 683061
170.73 683401
170.78 683741
170.78 684081
170.83 684421
170.83 684761
170.881 685101
170.881 685441
170.931 685781
170.931 686121
170.982 686461
170.982 686801
171.032 687141
171.032 687481
171.083 687821
171.133 688161
171.133 688501
171.184 688841
171.184 689181
171.234 689521
171.234 689861
171.284 690201
171.284 690541
171.335 690881
171.335 691221
171.385 691561
171.385 691901
171.436 692241
171.436 692581
171.486 692921
171.486 693261
171.537 693601
171.537 693941
171.587 694281
171.587 694621
171.637 694961
171.637 695301
171.688 695641
171.688 695981
171.738 696321
171.738 696661
171.789 697001
171.789 697341
171.839 697681
171.839 698021
171.89 698361
171.89 698701
171.94 699041
171.94 699381
171.94 699721
171.99 700061
171.99 700401
172.041 700741
172.041 701081
172.091 701421
172.091 701761
172.142 702101
172.142 702441
172.192 702781
172.192 703121
172.243 703461
172.243 703801
172.293 704141
172.293 704481
172.343 704821
172.343 705161
172.394 705501
172.394 705841
172.444 706181
172.444 706521
172.495 706861
172.495 707201
172.545 707541
172.545 707881
172.596 708221
172.596 708561
172.646 708901
172.646 709241
172.696 709581
172.696 709921
172.747 710261
172.747 710601
172.797 710941
172.797 711281
172.848 711621
172.848 711961
172.898 712301
172.898 712641
172.949 712981
172.949 713321
172.999 713661
172.999 714001
173.049 714341
173.049 714681
173.1 715021
173.1 715361
173.15 715701
173.15 716041
173.201 716381
173.201 716721
173.251 717061
173.251 717401
173.302 717741
173.302 718081
173.352 718421
173.352 718761
173.403 719101
173.453 719441
173.453 719781
173.503 720121
173.503 720461
173.554 720801
173.554 721141
173.604 721481
173.604 721821
173.655 722161
173.655 722501
173.705 722841
173.705 723181
173.756 723521
173.756 723861
173.806 724201
173.806 724541
173.856 724881
173.856 725221
173.907 725561
173.907 725901
173.957 726241
173.957 726581
174.008 726921
174.008 727261
174.058 727601
174.058 727941
174.109 728281
174.109 728621
174.159 728961
174.159 729301
174.209 729641
174.209 729981
174.26 730321
174.26 730661
174.26 731001
174.31 731341
174.31 731681
174.361 732021
174.361 732361
174.411 732701
174.411 733041
174.462 733381
174.462 733721
174.512 734061
174.512 734401
174.562 734741
174.562 735081
174.613 735421
174.613 735761
174.663 736101
174.663 736441
174.714 736781
174.714 737121
174.764 737461
174.764 737801
174.815 738141
174.815 738481
174.865 738821
174.865 739161
174.915 739501
174.915 739841
174.966 740181
174.966 740521
175.016 740861
175.016 741201
175.067 741541
175.067 741881
175.117 742221
175.117 742561
175.168 742901
175.168 743241
175.218 743581
175.218 743921
175.268 744261
175.268 744601
175.319 744941
175.319 745281
175.369 745621
175.369 745961
175.42 746301
175.42 746641
175.47 746981
175.47 747321
175.521 747661
175.521 748001
175.571 748341
175.571 748681
175.622 749021
175.622 749361
175.672 749701
175.672 750041
175.722 750381
175.773 750721
175.773 751061
175.823 751401
175.823 751741
175.874 752081
175.874 752421
175.924 752761
175.924 753101
175.975 753441
175.975 753781
176.025 754121
176.025 754461
176.075 754801
176.075 755141
176.126 755481
176.126 755821
176.176 756161
176.176 756501
176.227 756841
176.227 757181
176.277 757521
176.277 757861
176.328 758201
176.328 758541
176.378 758881
176.378 759221
176.428 759561
176.428 759901
176.479 760241
176.479 760581
176.529 760921
176.529 761261
176.58 761601
176.58 761941
176.58 762281
176.63 762621
176.63 762961
176.681 763301
176.681 763641
176.731 763981
176.731 764321
176.781 764661
176.781 765001
176.832 765341
176.832 765681
176.882 766021
176.882 766361
176.933 766701
176.933 767041
176.983 767381
176.983 767721
177.034 768061
177.034 768401
177.084 768741
177.084 769081
177.134 769421
177.134 769761
177.185 770101
177.185 770441
177.235 770781
177.235 771121
177.286 771461
177.286 771801
177.336 772141
177.336 772481
177.387 772821
177.387 773161
177.437 773501
177.437 773841
177.488 774181
177.488 774521
177.538 774861
177.538 775201
177.588 775541
177.588 775881
177.639 776221
177.639 776561
177.689 776901
177.689 777241
177.74 777581
177.74 777921
177.79 778261
177.79 778601
177.841 778941
177.841 779281
177.891 779621
177.891 779961
177.941 780301
177.941 780641
177.992 780981
177.992 781321
178.042 781661
178.093 782001
178.093 782341
178.143 782681
178.143 783021
178.194 783361
178.194 783701
178.244 784041
178.244 784381
178.294 784721
178.294 785061
178.345 785401
178.345 785741
178.395 786081
178.395 786421
178.446 786761
178.446 787101
178.496 787441
178.496 787781
178.547 788121
178.547 788461
178.597 788801
178.597 789141
178.647 789481
178.647 789821
178.698 790161
178.698 790501
178.748 790841
178.748 791181
178.799 791521
178.799 791861
178.849 792201
178.849 792541
178.9 792881
178.9 793221
178.9 793561
178.95 793901
178.95 794241
179 794581
179 794921
179.051 795261
179.051 795601
179.101 795941
179.101 796281
179.152 796621
179.152 796961
179.202 797301
179.202 797641
179.253 797981
179.253 798321
179.303 798661
179.303 799001
179.353 799341
179.353 799681
179.404 800021
179.404 800361
179.454 800701
179.454 801041
179.505 801381
179.505 801721
179.555 802061
179.555 802401
179.606 802741
179.606 803081
179.656 803421
179.656 803761
179.707 804101
179.707 804441
179.757 804781
179.757 805121
179.807 805461
179.807 805801
179.858 806141
179.858 806481
179.908 806821
179.908 807161
179.959 807501
179.959 807841
180.009 808181
180.009 808521
180.06 808861
180.06 809201
180.11 809541
180.11 809881
180.16 810221
180.16 810561
180.211 810901
180.211 811241
180.261 811581
180.261 811921
180.312 812261
180.312 812601
180.362 812941
180.413 813281
180.413 813621
180.463 813961
180.463 814301
180.513 814641
180.513 814981
180.564 815321
180.564 815661
180.614 816001
180.614 816341
180.665 816681
180.665 817021
180.715 817361
180.715 817701
180.766 818041
180.766 818381
180.816 818721
180.816 819061
180.866 819401
180.866 819741
180.917 820081
180.917 820421
180.967 820761
180.967 821101
181.018 821441
181.018 821781
181.068 822121
181.068 822461
181.119 822801
181.119 823141
181.169 823481
181.169 823821
181.219 824161
181.219 824501
181.219 824841
181.27 825181
181.27 825521
181.32 825861
181.32 826201
181.371 826541
181.371 826881
181.421 827221
181.421 827561
181.472 827901
181.472 828241
181.522 828581
181.522 828921
181.572 829261
181.572 829601
181.623 829941
181.623 830281
181.673 830621
181.673 830961
181.724 831301
181.724 831641
181.774 831981
181.774 832321
181.825 832661
181.825 833001
181.875 833341
181.875 833681
181.926 834021
181.926 834361
181.976 834701
181.976 835041
182.026 835381
182.026 835721
182.077 836061
182.077 836401
182.127 836741
182.127 837081
182.178 837421
182.178 837761
182.228 838101
182.228 838441
182.279 838781
182.279 839121
182.329 839461
182.329 839801
182.379 840141
182.379 840481
182.43 840821
182.43 841161
182.48 841501
182.48 841841
182.531 842181
182.531 842521
182.581 842861
182.581 843201
182.632 843541
182.632 843881
182.682 844221
182.732 844561
182.732 844901
182.783 845241
182.783 845581
182.833 845921
182.833 846261
182.884 846601
182.884 846941
182.934 847281
182.934 847621
182.985 847961
182.985 848301
183.035 848641
183.035 848981
183.085 849321
183.085 849661
183.136 850001
183.136 850341
183.186 850681
183.186 851021
183.237 851361
183.237 851701
183.287 852041
183.287 852381
183.338 852721
183.338 853061
183.388 853401
183.388 853741
183.438 854081
183.438 854421
183.489 854761
183.489 855101
183.539 855441
183.539 855781
183.539 856121
183.59 856461
183.59 856801
183.64 857141
183.64 857481
183.691 857821
183.691 858161
183.741 858501
183.741 858841
183.792 859181
183.792 859521
183.842 859861
183.842 860201
183.892 860541
183.892 860881
183.943 861221
183.943 861561
183.993 861901
183.993 862241
184.044 862581
184.044 862921
184.094 863261
184.094 863601
184.145 863941
184.145 864281
184.195 864621
184.195 864961
184.245 865301
184.245 865641
184.296 865981
184.296 866321
184.346 866661
184.346 867001
184.397 867341
184.397 867681
184.447 868021
184.447 868361
184.498 868701
184.498 869041
184.548 869381
184.548 869721
184.598 870061
184.598 870401
184.649 870741
184.649 871081
184.699 871421
184.699 871761
184.75 872101
184.75 872441
184.8 872781
184.8 873121
184.851 873461
184.851 873801
184.901 874141
184.901 874481
184.951 874821
184.951 875161
185.002 875501
185.052 875841
185.052 876181
185.103 876521
185.103 876861
185.153 877201
185.153 877541
185.204 877881
185.204 878221
185.254 878561
185.254 878901
185.304 879241
185.304 879581
185.355 879921
185.355 880261
185.405 880601
185.405 880941
185.456 881281
185.456 881621
185.506 881961
185.506 882301
185.557 882641
185.557 882981
185.607 883321
185.607 883661
185.657 884001
185.657 884341
185.708 884681
185.708 885021
185.758 885361
185.758 885701
185.809 886041
185.809 886381
185.859 886721
185.859 887061
185.859 887401
185.96 887741
185.96 888081
185.96 888421
185.96 888761
186.011 889101
186.011 889441
186.073 889781
186.073 890121
186.124 890461
186.124 890801
186.174 891141
186.174 891481
186.224 891821
186.224 892161
186.275 892501
186.275 892841
186.325 893181
186.325 893521
186.376 893861
186.376 894201
186.426 894541
186.426 894881
186.477 895221
186.477 895561
186.527 895901
186.527 896241
186.577 896581
186.577 896921
186.628 897261
186.628 897601
186.678 897941
186.678 898281
186.729 898621
186.729 898961
186.779 899301
186.779 899641
186.83 899981
186.83 900321
186.88 900661
186.88 901001
186.93 901341
186.93 901681
186.981 902021
186.981 902361
187.031 902701
187.031 903041
187.082 903381
187.082 903721
187.132 904061
187.132 904401
187.183 904741
187.183 905081
187.233 905421
187.233 905761
187.283 906101
187.334 906441
187.334 906781
187.384 907121
187.384 907461
187.435 907801
187.435 908141
187.485 908481
187.485 908821
187.536 909161
187.536 909501
187.586 909841
187.586 910181
187.637 910521
187.637 910861
187.687 911201
187.687 911541
187.737 911881
187.737 912221
187.788 912561
187.788 912901
187.838 913241
187.838 913581
187.889 913921
187.889 914261
187.939 914601
187.939 914941
187.99 915281
187.99 915621
188.04 915961
188.04 916301
188.09 916641
188.09 916981
188.141 917321
188.141 917661
188.141 918001
188.191 918341
188.191 918681
188.242 919021
188.242 919361
188.292 919701
188.292 920041
188.343 920381
188.343 920721
188.393 921061
188.393 921401
188.443 921741
188.443 922081
188.494 922421
188.494 922761
188.544 923101
188.544 923441
188.595 923781
188.595 924121
188.645 924461
188.645 924801
188.696 925141
188.696 925481
188.746 925821
188.746 926161
188.796 926501
188.796 926841
188.847 927181
188.847 927521
188.897 927861
188.897 928201
188.948 928541
188.948 928881
188.998 929221
188.998 929561
189.049 929901
189.049 930241
189.099 930581
189.099 930921
189.149 931261
189.149 931601
189.2 931941
189.2 932281
189.25 932621
189.25 932961
189.301 933301
189.301 933641
189.351 933981
189.351 934321
189.402 934661
189.402 935001
189.452 935341
189.452 935681
189.502 936021
189.502 936361
189.553 936701
189.553 937041
189.603 937381
189.654 937721
189.654 938061
189.704 938401
189.704 938741
189.755 939081
189.755 939421
189.805 939761
189.805 940101
189.856 940441
189.856 940781
189.906 941121
189.906 941461
189.956 941801
189.956 942141
190.007 942481
190.007 942821
190.057 943161
190.057 943501
190.108 943841
190.108 944181
190.158 944521
190.158 944861
190.209 945201
190.209 945541
190.259 945881
190.259 946221
190.309 946561
190.309 946901
190.36 947241
190.36 947581
190.41 947921
190.41 948261
190.461 948601
190.461 948941
190.461 949281
190.511 949621
190.511 949961
190.562 950301
190.562 950641
190.612 950981
190.612 951321
190.662 951661
190.662 952001
190.713 952341
190.713 952681
190.763 953021
190.763 953361
190.814 953701
190.814 954041
190.864 954381
190.864 954721
190.915 955061
190.915 955401
190.965 955741
190.965 956081
191.015 956421
191.015 956761
191.066 957101
191.066 957441
191.116 957781
191.116 958121
191.167 958461
191.167 958801
191.217 959141
191.217 959481
191.268 959821
191.268 960161
191.318 960501
191.318 960841
191.368 961181
191.368 961521
191.419 961861
191.419 962201
191.469 962541
191.469 962881
191.52 963221
191.52 963561
191.57 963901
191.57 964241
191.621 964581
191.621 964921
191.671 965261
191.671 965601
191.721 965941
191.721 966281
191.772 966621
191.772 966961
191.822 967301
191.822 967641
191.873 967981
191.873 968321
191.923 968661
191.974 969001
191.974 969341
192.024 969681
192.024 970021
192.075 970361
192.075 970701
192.125 971041
192.125 971381
192.175 971721
192.175 972061
192.226 972401
192.226 972741
192.276 973081
192.276 973421
192.327 973761
192.327 974101
192.377 974441
192.377 974781
192.428 975121
192.428 975461
192.478 975801
192.478 976141
192.528 976481
192.528 976821
192.579 977161
192.579 977501
192.629 977841
192.629 978181
192.68 978521
192.68 978861
192.73 979201
192.73 979541
192.781 979881
192.781 980221
192.781 980561
192.831 980901
192.831 981241
192.881 981581
192.881 981921
192.932 982261
192.932 982601
192.982 982941
192.982 983281
193.033 983621
193.033 983961
193.083 984301
193.083 984641
193.134 984981
193.134 985321
193.184 985661
193.184 986001
193.234 986341
193.234 986681
193.285 987021
193.285 987361
193.335 987701
193.335 988041
193.386 988381
193.386 988721
193.436 989061
193.436 989401
193.487 989741
193.487 990081
193.537 990421
193.537 990761
193.587 991101
193.587 991441
193.638 991781
193.638 992121
193.688 992461
193.688 992801
193.739 993141
193.739 993481
193.789 993821
193.789 994161
193.84 994501
193.84 994841
193.89 995181
193.89 995521
193.94 995861
193.94 996201
193.991 996541
193.991 996881
194.041 997221
194.041 997561
194.092 997901
194.092 998241
194.142 998581
194.142 998921
194.193 999261
194.193 999601
194.243 999941
194.294 1000281
194.294 1000621
194.344 1000961
194.344 1001301
194.394 1001641
194.394 1001981
194.445 1002321
194.445 1002661
194.495 1003001
194.495 1003341
194.546 1003681
194.546 1004021
194.596 1004361
194.596 1004701
194.647 1005041
194.647 1005381
194.697 1005721
194.697 1006061
194.747 1006401
194.747 1006741
194.798 1007081
194.798 1007421
194.848 1007761
194.848 1008101
194.899 1008441
194.899 1008781
194.949 1009121
194.949 1009461
195 1009801
195 1010141
195.05 1010481
195.05 1010821
195.1 1011161
195.1 1011501
195.1 1011841
195.151 1012181
195.151 1012521
195.201 1012861
195.201 1013201
195.252 1013541
195.252 1013881
195.302 1014221
195.302 1014561
195.353 1014901
195.353 1015241
195.403 1015581
195.403 1015921
195.453 1016261
195.453 1016601
195.504 1016941
195.504 1017281
195.554 1017621
195.554 1017961
195.605 1018301
195.605 1018641
195.655 1018981
195.655 1019321
195.706 1019661
195.706 1020001
195.756 1020341
195.756 1020681
195.806 1021021
195.806 1021361
195.857 1021701
195.857 1022041
195.907 1022381
195.907 1022721
195.958 1023061
195.958 1023401
196.008 1023741
196.008 1024081
196.059 1024421
196.059 1024761
196.109 1025101
196.109 1025441
196.16 1025781
196.16 1026121
196.21 1026461
196.21 1026801
196.26 1027141
196.26 1027481
196.311 1027821
196.311 1028161
196.361 1028501
196.361 1028841
196.412 1029181
196.412 1029521
196.462 1029861
196.462 1030201
196.513 1030541
196.513 1030881
196.563 1031221
196.613 1031561
196.613 1031901
196.664 1032241
196.664 1032581
196.714 1032921
196.714 1033261
196.765 1033601
196.765 1033941
196.815 1034281
196.815 1034621
196.866 1034961
196.866 1035301
196.916 1035641
196.916 1035981
196.966 1036321
196.966 1036661
197.017 1037001
197.017 1037341
197.067 1037681
197.067 1038021
197.118 1038361
197.118 1038701
197.168 1039041
197.168 1039381
197.219 1039721
197.219 1040061
197.269 1040401
197.269 1040741
197.319 1041081
197.319 1041421
197.37 1041761
197.37 1042101
197.42 1042441
197.42 1042781
197.42 1043121
197.471 1043461
197.471 1043801
197.521 1044141
197.521 1044481
197.572 1044821
197.572 1045161
197.622 1045501
197.622 1045841
197.672 1046181
197.672 1046521
197.723 1046861
197.723 1047201
197.773 1047541
197.773 1047881
197.824 1048221
197.824 1048561
197.874 1048901
197.874 1049241
197.925 1049581
197.925 1049921
197.975 1050261
197.975 1050601
198.025 1050941
198.025 1051281
198.076 1051621
198.076 1051961
198.126 1052301
198.126 1052641
198.177 1052981
198.177 1053321
198.227 1053661
198.227 1054001
198.278 1054341
198.278 1054681
198.328 1055021
198.328 1055361
198.379 1055701
198.379 1056041
198.429 1056381
198.429 1056721
198.479 1057061
198.479 1057401
198.53 1057741
198.53 1058081
198.58 1058421
198.58 1058761
198.631 1059101
198.631 1059441
198.681 1059781
198.681 1060121
198.732 1060461
198.732 1060801
198.782 1061141
198.782 1061481
198.832 1061821
198.832 1062161
198.883 1062501
198.933 1062841
198.933 1063181
198.984 1063521
198.984 1063861
199.034 1064201
199.034 1064541
199.085 1064881
199.085 1065221
199.135 1065561
199.135 1065901
199.185 1066241
199.185 1066581
199.236 1066921
199.236 1067261
199.286 1067601
199.286 1067941
199.337 1068281
199.337 1068621
199.387 1068961
199.387 1069301
199.438 1069641
199.438 1069981
199.488 1070321
199.488 1070661
199.538 1071001
199.538 1071341
199.589 1071681
199.589 1072021
199.639 1072361
199.639 1072701
199.69 1073041
199.69 1073381
199.74 1073721
199.74 1074061
199.74 1074401
199.791 1074741
199.791 1075081
199.841 1075421
199.841 1075761
199.891 1076101
199.891 1076441
199.942 1076781
199.942 1077121
199.992 1077461
199.992 1077801
200.043 1078141
200.043 1078481
200.093 1078821
200.093 1079161
200.144 1079501
200.144 1079841
200.194 1080181
200.194 1080521
200.244 1080861
200.244 1081201
200.295 1081541
200.295 1081881
200.345 1082221
200.345 1082561
200.396 1082901
200.396 1083241
200.446 1083581
200.446 1083921
200.497 1084261
200.497 1084601
200.547 1084941
200.547 1085281
200.598 1085621
200.598 1085961
200.648 1086301
200.648 1086641
200.698 1086981
200.698 1087321
200.749 1087661
200.749 1088001
200.799 1088341
200.799 1088681
200.85 1089021
200.85 1089361
200.9 1089701
200.9 1090041
200.951 1090381
200.951 1090721
201.001 1091061
201.001 1091401
201.051 1091741
201.051 1092081
201.102 1092421
201.102 1092761
201.152 1093101
201.152 1093441
201.203 1093781
201.253 1094121
201.253 1094461
201.304 1094801
201.304 1095141
201.354 1095481
201.354 1095821
201.404 1096161
201.404 1096501
201.455 1096841
201.455 1097181
201.505 1097521
201.505 1097861
201.556 1098201
201.556 1098541
201.606 1098881
201.606 1099221
201.657 1099561
201.657 1099901
201.707 1100241
201.707 1100581
201.757 1100921
201.757 1101261
201.808 1101601
201.808 1101941
201.858 1102281
201.858 1102621
201.909 1102961
201.909 1103301
201.959 1103641
201.959 1103981
202.01 1104321
202.01 1104661
202.06 1105001
202.06 1105341
202.06 1105681
202.11 1106021
202.11 1106361
202.161 1106701
202.161 1107041
202.211 1107381
202.211 1107721
202.262 1108061
202.262 1108401
202.312 1108741
202.312 1109081
202.363 1109421
202.363 1109761
202.413 1110101
202.413 1110441
202.464 1110781
202.464 1111121
202.514 1111461
202.514 1111801
202.564 1112141
202.564 1112481
202.615 1112821
202.615 1113161
202.665 1113501
202.665 1113841
202.716 1114181
202.716 1114521
202.766 1114861
202.766 1115201
202.817 1115541
202.817 1115881
202.867 1116221
202.867 1116561
202.917 1116901
202.917 1117241
202.968 1117581
202.968 1117921
203.018 1118261
203.018 1118601
203.069 1118941
203.069 1119281
203.119 1119621
203.119 1119961
203.17 1120301
203.17 1120641
203.22 1120981
203.22 1121321
203.27 1121661
203.27 1122001
203.321 1122341
203.321 1122681
203.371 1123021
203.371 1123361
203.422 1123701
203.422 1124041
203.472 1124381
203.472 1124721
203.523 1125061
203.573 1125401
203.573 1125741
203.623 1126081
203.623 1126421
203.674 1126761
203.674 1127101
203.724 1127441
203.724 1127781
203.775 1128121
203.775 1128461
203.825 1128801
203.825 1129141
203.876 1129481
203.876 1129821
203.926 1130161
203.926 1130501
203.976 1130841
203.976 1131181
204.027 1131521
204.027 1131861
204.077 1132201
204.077 1132541
204.128 1132881
204.128 1133221
204.178 1133561
204.178 1133901
204.229 1134241
204.229 1134581
204.279 1134921
204.279 1135261
204.329 1135601
204.329 1135941
204.38 1136281
204.38 1136621
204.38 1136961
204.43 1137301
204.43 1137641
204.481 1137981
204.481 1138321
204.531 1138661
204.531 1139001
204.582 1139341
204.582 1139681
204.632 1140021
204.632 1140361
204.683 1140701
204.683 1141041
204.733 1141381
204.733 1141721
204.783 1142061
204.783 1142401
204.834 1142741
204.834 1143081
204.884 1143421
204.884 1143761
204.935 1144101
204.935 1144441
204.985 1144781
204.985 1145121
205.036 1145461
205.036 1145801
205.086 1146141
205.086 1146481
205.136 1146821
205.136 1147161
205.187 1147501
205.187 1147841
205.237 1148181
205.237 1148521
205.288 1148861
205.288 1149201
205.338 1149541
205.338 1149881
205.389 1150221
205.389 1150561
205.439 1150901
205.439 1151241
205.489 1151581
205.489 1151921
205.54 1152261
205.54 1152601
205.59 1152941
205.59 1153281
205.641 1153621
205.641 1153961
205.691 1154301
205.691 1154641
205.742 1154981
205.742 1155321
205.792 1155661
205.792 1156001
205.842 1156341
205.893 1156681
205.893 1157021
205.943 1157361
205.943 1157701
205.994 1158041
205.994 1158381
206.044 1158721
206.044 1159061
206.095 1159401
206.095 1159741
206.145 1160081
206.145 1160421
206.195 1160761
206.195 1161101
206.246 1161441
206.246 1161781
206.296 1162121
206.296 1162461
206.347 1162801
206.347 1163141
206.397 1163481
206.397 1163821
206.448 1164161
206.448 1164501
206.498 1164841
206.498 1165181
206.548 1165521
206.548 1165861
206.599 1166201
206.599 1166541
206.649 1166881
206.649 1167221
206.7 1167561
206.7 1167901
206.7 1168241
206.75 1168581
206.75 1168921
206.801 1169261
206.801 1169601
206.851 1169941
206.851 1170281
206.902 1170621
206.902 1170961
206.952 1171301
206.952 1171641
207.002 1171981
207.002 1172321
207.053 1172661
207.053 1173001
207.103 1173341
207.103 1173681
207.154 1174021
207.154 1174361
207.204 1174701
207.204 1175041
207.255 1175381
207.255 1175721
207.305 1176061
207.305 1176401
207.355 1176741
207.355 1177081
207.406 1177421
207.406 1177761
207.456 1178101
207.456 1178441
207.507 1178781
207.507 1179121
207.557 1179461
207.557 1179801
207.608 1180141
207.608 1180481
207.658 1180821
207.658 1181161
207.708 1181501
207.708 1181841
207.759 1182181
207.759 1182521
207.809 1182861
207.809 1183201
207.86 1183541
207.86 1183881
207.91 1184221
207.91 1184561
207.961 1184901
207.961 1185241
208.011 1185581
208.011 1185921
208.061 1186261
208.061 1186601
208.112 1186941
208.112 1187281
208.162 1187621
208.213 1187961
208.213 1188301
208.263 1188641
208.263 1188981
208.314 1189321
208.314 1189661
208.364 1190001
208.364 1190341
208.414 1190681
208.414 1191021
208.465 1191361
208.465 1191701
208.515 1192041
208.515 1192381
208.566 1192721
208.566 1193061
208.616 1193401
208.616 1193741
208.667 1194081
208.667 1194421
208.717 1194761
208.717 1195101
208.768 1195441
208.768 1195781
208.818 1196121
208.818 1196461
208.868 1196801
208.868 1197141
208.919 1197481
208.919 1197821
208.969 1198161
208.969 1198501
209.02 1198841
209.02 1199181
209.02 1199521
209.07 1199861
209.07 1200201
209.121 1200541
209.121 1200881
209.171 1201221
209.171 1201561
209.221 1201901
209.221 1202241
209.272 1202581
209.272 1202921
209.322 1203261
209.322 1203601
209.373 1203941
209.373 1204281
209.474 1204621
209.474 1204961
209.474 1205301
209.474 1205641
209.524 1205981
209.524 1206321
209.587 1206661
209.587 1207001
209.637 1207341
209.637 1207681
209.687 1208021
209.687 1208361
209.738 1208701
209.738 1209041
209.788 1209381
209.788 1209721
209.839 1210061
209.839 1210401
209.889 1210741
209.889 1211081
209.94 1211421
209.94 1211761
209.99 1212101
209.99 1212441
210.04 1212781
210.04 1213121
210.091 1213461
210.091 1213801
210.141 1214141
210.141 1214481
210.192 1214821
210.192 1215161
210.242 1215501
210.242 1215841
210.293 1216181
210.293 1216521
210.343 1216861
210.343 1217201
210.393 1217541
210.393 1217881
210.444 1218221
210.444 1218561
210.494 1218901
210.545 1219241
210.545 1219581
210.595 1219921
210.595 1220261
210.646 1220601
210.646 1220941
210.696 1221281
210.696 1221621
210.747 1221961
210.747 1222301
210.797 1222641
210.797 1222981
210.847 1223321
210.847 1223661
210.898 1224001
210.898 1224341
210.948 1224681
210.948 1225021
210.999 1225361
210.999 1225701
211.049 1226041
211.049 1226381
211.1 1226721
211.1 1227061
211.15 1227401
211.15 1227741
211.2 1228081
211.2 1228421
211.251 1228761
211.251 1229101
211.301 1229441
211.301 1229781
211.352 1230121
211.352 1230461
211.352 1230801
211.402 1231141
211.402 1231481
211.453 1231821
211.453 1232161
211.503 1232501
211.503 1232841
211.553 1233181
211.553 1233521
211.604 1233861
211.604 1234201
211.654 1234541
211.654 1234881
211.705 1235221
211.705 1235561
211.755 1235901
211.755 1236241
211.806 1236581
211.806 1236921
211.856 1237261
211.856 1237601
211.906 1237941
211.906 1238281
211.957 1238621
211.957 1238961
212.007 1239301
212.007 1239641
212.058 1239981
212.058 1240321
212.108 1240661
212.108 1241001
212.159 1241341
212.159 1241681
212.209 1242021
212.209 1242361
212.259 1242701
212.259 1243041
212.31 1243381
212.31 1243721
212.36 1244061
212.36 1244401
212.411 1244741
212.411 1245081
212.461 1245421
212.461 1245761
212.512 1246101
212.512 1246441
212.562 1246781
212.562 1247121
212.613 1247461
212.613 1247801
212.663 1248141
212.663 1248481
212.713 1248821
212.713 1249161
212.764 1249501
212.764 1249841
212.814 1250181
212.865 1250521
212.865 1250861
212.915 1251201
212.915 1251541
212.966 1251881
212.966 1252221
213.016 1252561
213.016 1252901
213.066 1253241
213.066 1253581
213.117 1253921
213.117 1254261
213.167 1254601
213.167 1254941
213.218 1255281
213.218 1255621
213.268 1255961
213.268 1256301
213.319 1256641
213.319 1256981
213.369 1257321
213.369 1257661
213.419 1258001
213.419 1258341
213.47 1258681
213.47 1259021
213.52 1259361
213.52 1259701
213.571 1260041
213.571 1260381
213.621 1260721
213.621 1261061
213.672 1261401
213.672 1261741
213.672 1262081
213.722 1262421
213.722 1262761
213.772 1263101
213.772 1263441
213.823 1263781
213.823 1264121
213.873 1264461
213.873 1264801
213.924 1265141
213.924 1265481
213.974 1265821
213.974 1266161
214.025 1266501
214.025 1266841
214.075 1267181
214.075 1267521
214.125 1267861
214.125 1268201
214.176 1268541
214.176 1268881
214.226 1269221
214.226 1269561
214.277 1269901
214.277 1270241
214.327 1270581
214.327 1270921
214.378 1271261
214.378 1271601
214.428 1271941
214.428 1272281
214.478 1272621
214.478 1272961
214.529 1273301
214.529 1273641
214.579 1273981
214.579 1274321
214.63 1274661
214.63 1275001
214.68 1275341
214.68 1275681
214.731 1276021
214.731 1276361
214.781 1276701
214.781 1277041
214.832 1277381
214.832 1277721
214.882 1278061
214.882 1278401
214.932 1278741
214.932 1279081
214.983 1279421
214.983 1279761
215.033 1280101
215.033 1280441
215.084 1280781
215.084 1281121
215.134 1281461
215.185 1281801
215.185 1282141
215.235 1282481
215.235 1282821
215.285 1283161
215.285 1283501
215.336 1283841
215.336 1284181
215.386 1284521
215.386 1284861
215.437 1285201
215.437 1285541
215.487 1285881
215.487 1286221
215.538 1286561
215.538 1286901
215.588 1287241
215.588 1287581
215.638 1287921
215.638 1288261
215.689 1288601
215.689 1288941
215.739 1289281
215.739 1289621
215.79 1289961
215.79 1290301
215.84 1290641
215.84 1290981
215.891 1291321
215.891 1291661
215.941 1292001
215.941 1292341
215.991 1292681
215.991 1293021
215.991 1293361
216.042 1293701
216.042 1294041
216.092 1294381
216.092 1294721
216.143 1295061
216.143 1295401
216.193 1295741
216.193 1296081
216.244 1296421
216.244 1296761
216.294 1297101
216.294 1297441
216.344 1297781
216.344 1298121
216.395 1298461
216.395 1298801
216.445 1299141
216.445 1299481
216.496 1299821
216.496 1300161
216.546 1300501
216.546 1300841
216.597 1301181
216.597 1301521
216.647 1301861
216.647 1302201
216.697 1302541
216.697 1302881
216.748 1303221
216.748 1303561
216.798 1303901
216.798 1304241
216.849 1304581
216.849 1304921
216.899 1305261
216.899 1305601
216.95 1305941
216.95 1306281
217 1306621
217 1306961
217.051 1307301
217.051 1307641
217.101 1307981
217.101 1308321
217.151 1308661
217.151 1309001
217.202 1309341
217.202 1309681
217.252 1310021
217.252 1310361
217.303 1310701
217.303 1311041
217.353 1311381
217.353 1311721
217.404 1312061
217.404 1312401
217.454 1312741
217.504 1313081
217.504 1313421
217.555 1313761
217.555 1314101
217.605 1314441
217.605 1314781
217.656 1315121
217.656 1315461
217.706 1315801
217.706 1316141
217.757 1316481
217.757 1316821
217.807 1317161
217.807 1317501
217.857 1317841
217.857 1318181
217.908 1318521
217.908 1318861
217.958 1319201
217.958 1319541
218.009 1319881
218.009 1320221
218.059 1320561
218.059 1320901
218.11 1321241
218.11 1321581
218.16 1321921
218.16 1322261
218.21 1322601
218.21 1322941
218.261 1323281
218.261 1323621
218.311 1323961
218.311 1324301
218.311 1324641
218.362 1324981
218.362 1325321
218.412 1325661
218.412 1326001
218.463 1326341
218.463 1326681
218.513 1327021
218.513 1327361
218.563 1327701
218.563 1328041
218.614 1328381
218.614 1328721
218.664 1329061
218.664 1329401
218.715 1329741
218.715 1330081
218.765 1330421
218.765 1330761
218.816 1331101
218.816 1331441
218.866 1331781
218.866 1332121
218.917 1332461
218.917 1332801
218.967 1333141
218.967 1333481
219.017 1333821
219.017 1334161
219.068 1334501
219.068 1334841
219.118 1335181
219.118 1335521
219.169 1335861
219.169 1336201
219.219 1336541
219.219 1336881
219.27 1337221
219.27 1337561
219.32 1337901
219.32 1338241
219.37 1338581
219.37 1338921
219.421 1339261
219.421 1339601
219.471 1339941
219.471 1340281
219.522 1340621
219.522 1340961
219.572 1341301
219.572 1341641
219.623 1341981
219.623 1342321
219.673 1342661
219.673 1343001
219.723 1343341
219.723 1343681
219.774 1344021
219.824 1344361
219.824 1344701
219.875 1345041
219.875 1345381
219.925 1345721
219.925 1346061
219.976 1346401
219.976 1346741
220.026 1347081
220.026 1347421
220.076 1347761
220.076 1348101
220.127 1348441
220.127 1348781
220.177 1349121
220.177 1349461
220.228 1349801
220.228 1350141
220.278 1350481
220.278 1350821
220.329 1351161
220.329 1351501
220.379 1351841
220.379 1352181
220.429 1352521
220.429 1352861
220.48 1353201
220.48 1353541
220.53 1353881
220.53 1354221
220.581 1354561
220.581 1354901
220.631 1355241
220.631 1355581
220.631 1355921
220.682 1356261
220.682 1356601
220.732 1356941
220.732 1357281
220.782 1357621
220.782 1357961
220.833 1358301
220.833 1358641
220.883 1358981
220.883 1359321
220.934 1359661
220.934 1360001
220.984 1360341
220.984 1360681
221.035 1361021
221.035 1361361
221.085 1361701
221.085 1362041
221.136 1362381
221.136 1362721
221.186 1363061
221.186 1363401
221.236 1363741
221.236 1364081
221.287 1364421
221.287 1364761
221.337 1365101
221.337 1365441
221.388 1365781
221.388 1366121
221.438 1366461
221.438 1366801
221.489 1367141
221.489 1367481
221.539 1367821
221.539 1368161
221.589 1368501
221.589 1368841
221.64 1369181
221.64 1369521
221.69 1369861
221.69 1370201
221.741 1370541
221.741 1370881
221.791 1371221
221.791 1371561
221.842 1371901
221.842 1372241
221.892 1372581
221.892 1372921
221.942 1373261
221.942 1373601
221.993 1373941
221.993 1374281
222.043 1374621
222.043 1374961
222.094 1375301
222.144 1375641
222.144 1375981
222.195 1376321
222.195 1376661
222.245 1377001
222.245 1377341
222.295 1377681
222.295 1378021
222.346 1378361
222.346 1378701
222.396 1379041
222.396 1379381
222.447 1379721
222.447 1380061
222.497 1380401
222.497 1380741
222.548 1381081
222.548 1381421
222.598 1381761
222.598 1382101
222.648 1382441
222.648 1382781
222.699 1383121
222.699 1383461
222.749 1383801
222.749 1384141
222.8 1384481
222.8 1384821
222.85 1385161
222.85 1385501
222.901 1385841
222.901 1386181
222.951 1386521
222.951 1386861
222.951 1387201
223.001 1387541
223.001 1387881
223.052 1388221
223.052 1388561
223.102 1388901
223.102 1389241
223.153 1389581
223.153 1389921
223.203 1390261
223.203 1390601
223.254 1390941
223.254 1391281
223.304 1391621
223.304 1391961
223.355 1392301
223.355 1392641
223.405 1392981
223.405 1393321
223.455 1393661
223.455 1394001
223.506 1394341
223.506 1394681
223.556 1395021
223.556 1395361
223.607 1395701
223.607 1396041
223.657 1396381
223.657 1396721
223.708 1397061
223.708 1397401
223.758 1397741
223.758 1398081
223.859 1398421
223.859 1398761
223.859 1399101
223.859 1399441
223.909 1399781
223.909 1400121
223.972 1400461
223.972 1400801
224.022 1401141
224.022 1401481
224.073 1401821
224.073 1402161
224.123 1402501
224.123 1402841
224.174 1403181
224.174 1403521
224.224 1403861
224.224 1404201
224.274 1404541
224.274 1404881
224.325 1405221
224.325 1405561
224.375 1405901
224.375 1406241
224.426 1406581
224.476 1406921
224.476 1407261
224.527 1407601
224.527 1407941
224.577 1408281
224.577 1408621
224.627 1408961
224.627 1409301
224.678 1409641
224.678 1409981
224.728 1410321
224.728 1410661
224.779 1411001
224.779 1411341
224.829 1411681
224.829 1412021
224.88 1412361
224.88 1412701
224.93 1413041
224.93 1413381
224.981 1413721
224.981 1414061
225.031 1414401
225.031 1414741
225.081 1415081
225.081 1415421
225.132 1415761
225.132 1416101
225.182 1416441
225.182 1416781
225.233 1417121
225.233 1417461
225.283 1417801
225.283 1418141
225.283 1418481
225.334 1418821
225.334 1419161
225.384 1419501
225.384 1419841
225.434 1420181
225.434 1420521
225.485 1420861
225.485 1421201
225.535 1421541
225.535 1421881
225.586 1422221
225.586 1422561
225.636 1422901
225.636 1423241
225.687 1423581
225.687 1423921
225.737 1424261
225.737 1424601
225.787 1424941
225.787 1425281
225.838 1425621
225.838 1425961
225.888 1426301
225.888 1426641
225.939 1426981
225.939 1427321
225.989 1427661
225.989 1428001
226.04 1428341
226.04 1428681
226.09 1429021
226.09 1429361
226.14 1429701
226.14 1430041
226.191 1430381
226.191 1430721
226.241 1431061
226.241 1431401
226.292 1431741
226.292 1432081
226.342 1432421
226.342 1432761
226.393 1433101
226.393 1433441
226.443 1433781
226.443 1434121
226.493 1434461
226.493 1434801
226.544 1435141
226.544 1435481
226.594 1435821
226.594 1436161
226.645 1436501
226.645 1436841
226.695 1437181
226.695 1437521
226.746 1437861
226.796 1438201
226.796 1438541
226.846 1438881
226.846 1439221
226.897 1439561
226.897 1439901
226.947 1440241
226.947 1440581
226.998 1440921
226.998 1441261
227.048 1441601
227.048 1441941
227.099 1442281
227.099 1442621
227.149 1442961
227.149 1443301
227.2 1443641
227.2 1443981
227.25 1444321
227.25 1444661
227.3 1445001
227.3 1445341
227.351 1445681
227.351 1446021
227.401 1446361
227.401 1446701
227.452 1447041
227.452 1447381
227.502 1447721
227.502 1448061
227.553 1448401
227.553 1448741
227.603 1449081
227.603 1449421
227.603 1449761
227.653 1450101
227.653 1450441
227.704 1450781
227.704 1451121
227.754 1451461
227.754 1451801
227.805 1452141
227.805 1452481
227.855 1452821
227.855 1453161
227.906 1453501
227.906 1453841
227.956 1454181
227.956 1454521
228.006 1454861
228.006 1455201
228.057 1455541
228.057 1455881
228.107 1456221
228.107 1456561
228.158 1456901
228.158 1457241
228.208 1457581
228.208 1457921
228.259 1458261
228.259 1458601
228.309 1458941
228.309 1459281
228.359 1459621
228.359 1459961
228.41 1460301
228.41 1460641
228.46 1460981
228.46 1461321
228.511 1461661
228.511 1462001
228.561 1462341
228.561 1462681
228.612 1463021
228.612 1463361
228.662 1463701
228.662 1464041
228.712 1464381
228.712 1464721
228.763 1465061
228.763 1465401
228.813 1465741
228.813 1466081
228.864 1466421
228.864 1466761
228.914 1467101
228.914 1467441
228.965 1467781
228.965 1468121
229.015 1468461
229.015 1468801
229.065 1469141
229.116 1469481
229.116 1469821
229.166 1470161
229.166 1470501
229.217 1470841
229.217 1471181
229.267 1471521
229.267 1471861
229.318 1472201
229.318 1472541
229.368 1472881
229.368 1473221
229.419 1473561
229.419 1473901
229.469 1474241
229.469 1474581
229.519 1474921
229.519 1475261
229.57 1475601
229.57 1475941
229.62 1476281
229.62 1476621
229.671 1476961
229.671 1477301
229.721 1477641
229.721 1477981
229.772 1478321
229.772 1478661
229.822 1479001
229.822 1479341
229.872 1479681
229.872 1480021
229.923 1480361
229.923 1480701
229.923 1481041
229.973 1481381
229.973 1481721
230.024 1482061
230.024 1482401
230.074 1482741
230.074 1483081
230.125 1483421
230.125 1483761
230.175 1484101
230.175 1484441
230.225 1484781
230.225 1485121
230.276 1485461
230.276 1485801
230.326 1486141
230.326 1486481
230.377 1486821
230.377 1487161
230.427 1487501
230.427 1487841
230.478 1488181
230.478 1488521
230.528 1488861
230.528 1489201
230.578 1489541
230.578 1489881
230.629 1490221
230.629 1490561
230.679 1490901
230.679 1491241
230.73 1491581
230.73 1491921
230.78 1492261
230.78 1492601
230.831 1492941
230.831 1493281
230.881 1493621
230.881 1493961
230.931 1494301
230.931 1494641
230.982 1494981
230.982 1495321
231.032 1495661
231.032 1496001
231.083 1496341
231.083 1496681
231.133 1497021
231.133 1497361
231.184 1497701
231.184 1498041
231.234 1498381
231.234 1498721
231.285 1499061
231.285 1499401
231.335 1499741
231.335 1500081
231.385 1500421
231.436 1500761
231.436 1501101
231.486 1501441
231.486 1501781
231.537 1502121
231.537 1502461
231.587 1502801
231.587 1503141
231.638 1503481
231.638 1503821
231.688 1504161
231.688 1504501
231.738 1504841
231.738 1505181
231.789 1505521
231.789 1505861
231.839 1506201
231.839 1506541
231.89 1506881
231.89 1507221
231.94 1507561
231.94 1507901
231.991 1508241
231.991 1508581
232.041 1508921
232.041 1509261
232.091 1509601
232.091 1509941
232.142 1510281
232.142 1510621
232.192 1510961
232.192 1511301
232.243 1511641
232.243 1511981
232.243 1512321
232.293 1512661
232.293 1513001
232.344 1513341
232.344 1513681
232.394 1514021
232.394 1514361
232.444 1514701
232.444 1515041
232.495 1515381
232.495 1515721
232.545 1516061
232.545 1516401
232.596 1516741
232.596 1517081
232.646 1517421
232.646 1517761
232.697 1518101
232.697 1518441
232.747 1518781
232.747 1519121
232.797 1519461
232.797 1519801
232.848 1520141
232.848 1520481
232.898 1520821
232.898 1521161
232.949 1521501
232.949 1521841
232.999 1522181
232.999 1522521
233.05 1522861
233.05 1523201
233.1 1523541
233.1 1523881
233.15 1524221
233.15 1524561
233.201 1524901
233.201 1525241
233.251 1525581
233.251 1525921
233.302 1526261
233.302 1526601
233.352 1526941
233.352 1527281
233.403 1527621
233.403 1527961
233.453 1528301
233.453 1528641
233.504 1528981
233.504 1529321
233.554 1529661
233.554 1530001
233.604 1530341
233.604 1530681
233.655 1531021
233.655 1531361
233.705 1531701
233.756 1532041
233.756 1532381
233.806 1532721
233.806 1533061
233.857 1533401
233.857 1533741
233.907 1534081
233.907 1534421
233.957 1534761
233.957 1535101
234.008 1535441
234.008 1535781
234.058 1536121
234.058 1536461
234.109 1536801
234.109 1537141
234.159 1537481
234.159 1537821
234.21 1538161
234.21 1538501
234.26 1538841
234.26 1539181
234.31 1539521
234.31 1539861
234.361 1540201
234.361 1540541
234.411 1540881
234.411 1541221
234.462 1541561
234.462 1541901
234.512 1542241
234.512 1542581
234.563 1542921
234.563 1543261
234.563 1543601
234.613 1543941
234.613 1544281
234.663 1544621
234.663 1544961
234.714 1545301
234.714 1545641
234.764 1545981
234.764 1546321
234.815 1546661
234.815 1547001
234.865 1547341
234.865 1547681
234.916 1548021
234.916 1548361
234.966 1548701
234.966 1549041
235.016 1549381
235.016 1549721
235.067 1550061
235.067 1550401
235.117 1550741
235.117 1551081
235.168 1551421
235.168 1551761
235.218 1552101
235.218 1552441
235.269 1552781
235.269 1553121
235.319 1553461
235.319 1553801
235.369 1554141
235.369 1554481
235.42 1554821
235.42 1555161
235.47 1555501
235.47 1555841
235.521 1556181
235.521 1556521
235.571 1556861
235.571 1557201
235.622 1557541
235.622 1557881
235.672 1558221
235.672 1558561
235.723 1558901
235.723 1559241
235.773 1559581
235.773 1559921
235.823 1560261
235.823 1560601
235.874 1560941
235.874 1561281
235.924 1561621
235.924 1561961
235.975 1562301
235.975 1562641
236.025 1562981
236.076 1563321
236.076 1563661
236.126 1564001
236.126 1564341
236.176 1564681
236.176 1565021
236.227 1565361
236.227 1565701
236.277 1566041
236.277 1566381
236.328 1566721
236.328 1567061
236.378 1567401
236.378 1567741
236.429 1568081
236.429 1568421
236.479 1568761
236.479 1569101
236.529 1569441
236.529 1569781
236.58 1570121
236.58 1570461
236.63 1570801
236.63 1571141
236.681 1571481
236.681 1571821
236.731 1572161
236.731 1572501
236.782 1572841
236.782 1573181
236.832 1573521
236.832 1573861
236.882 1574201
236.882 1574541
236.882 1574881
236.933 1575221
236.933 1575561
236.983 1575901
236.983 1576241
237.034 1576581
237.034 1576921
237.084 1577261
237.084 1577601
237.135 1577941
237.135 1578281
237.185 1578621
237.185 1578961
237.235 1579301
237.235 1579641
237.286 1579981
237.286 1580321
237.336 1580661
237.336 1581001
237.387 1581341
237.387 1581681
237.437 1582021
237.589 1582022
