120.198 85
120.248 95
120.299 110
120.349 130
120.399 153
120.45 180
120.5 195
120.551 209
120.601 220
120.652 237
120.702 251
120.752 264
120.803 281
120.853 290
120.904 298
120.954 305
121.005 311
121.055 316
121.105 321
121.156 325
121.206 328
121.257 331
121.307 334
121.358 336
121.408 338
121.458 334
121.509 330
121.559 326
121.61 323
121.66 321
121.711 318
121.761 316
121.811 315
121.862 313
121.912 312
121.963 304
122.013 298
122.064 292
122.114 287
122.164 282
122.215 279
122.265 275
122.316 272
122.366 263
122.417 256
122.467 249
122.518 243
122.568 238
122.618 233
122.669 223
122.719 214
122.77 206
122.82 199
122.871 193
122.921 188
122.971 183
123.022 179
123.072 176
123.123 172
123.173 170
123.224 167
123.274 165
123.324 163
123.375 162
123.425 161
123.476 159
123.526 165
123.577 169
123.627 173
123.677 177
123.728 180
123.778 182
123.829 185
123.879 187
123.93 189
123.98 190
124.03 192
124.081 193
124.131 194
124.182 195
124.232 196
124.283 196
124.333 197
124.383 198
124.434 198
124.484 198
124.535 199
124.585 199
124.636 199
124.686 200
124.737 200
124.787 200
124.837 200
124.888 200
124.938 200
124.989 194
125.039 189
125.09 184
125.14 180
125.19 176
125.241 173
125.291 170
125.342 168
125.392 166
125.443 164
125.493 162
125.543 161
125.594 160
125.644 158
125.695 157
125.745 157
125.796 156
125.846 162
125.896 167
125.947 171
125.997 175
126.048 178
126.098 181
126.149 183
126.199 186
126.249 188
126.3 189
126.35 191
126.401 192
126.451 193
126.502 194
126.552 195
126.603 196
126.653 197
126.703 197
126.754 198
126.804 198
126.855 198
126.905 199
126.956 199
127.006 199
127.056 200
127.107 200
127.157 200
127.208 200
127.258 200
127.309 194
127.359 189
127.409 184
127.46 180
127.51 176
127.561 173
127.611 170
127.662 168
127.712 166
127.762 164
127.813 162
127.863 161
127.914 159
127.964 158
128.015 157
128.065 157
128.115 156
128.166 162
128.216 167
128.267 171
128.317 175
128.368 178
128.418 181
128.468 183
128.519 186
128.569 188
128.62 189
128.67 191
128.721 192
128.771 193
128.822 194
128.872 195
128.922 196
128.973 196
129.023 197
129.074 198
129.124 198
129.175 199
129.225 199
129.275 199
129.326 199
129.376 200
129.427 200
129.477 200
129.528 200
129.578 200
129.628 194
129.679 189
129.729 184
129.78 180
129.83 176
129.881 173
129.931 170
129.981 168
130.032 166
130.082 164
130.133 162
130.183 161
130.234 160
130.284 159
130.334 158
130.385 157
130.435 156
130.486 161
130.536 166
130.587 171
130.637 175
130.687 178
130.738 181
130.788 183
130.839 186
130.889 188
130.94 189
130.99 191
131.041 192
131.091 193
131.141 194
131.192 195
131.242 196
131.293 197
131.343 197
131.394 198
131.444 198
131.494 198
131.545 199
131.595 199
131.646 199
131.696 200
131.747 200
131.797 200
131.847 200
131.898 200
131.948 194
131.999 189
132.049 184
132.1 180
132.15 176
132.2 173
132.251 170
132.301 168
132.352 166
132.402 164
132.453 162
132.503 161
132.553 160
132.604 158
132.654 157
132.705 157
132.755 156
132.806 162
132.856 167
132.907 171
132.957 175
133.007 178
133.058 181
133.108 183
133.159 186
133.209 188
133.26 189
133.31 191
133.36 192
133.411 193
133.461 194
133.512 195
133.562 196
133.613 197
133.663 197
133.713 198
133.764 198
133.814 198
133.865 199
133.915 199
133.966 199
134.016 200
134.066 200
134.117 200
134.167 200
134.218 200
134.268 194
134.319 189
134.369 184
134.419 180
134.47 176
134.52 173
134.571 170
134.621 168
134.672 166
134.722 164
134.772 162
134.823 161
134.873 159
134.924 158
134.974 157
135.025 157
135.075 156
135.126 162
135.176 167
135.226 171
135.277 175
135.327 178
135.378 181
135.428 183
135.479 186
135.529 188
135.579 189
135.63 191
135.68 192
135.731 193
135.781 194
135.832 195
135.882 196
135.932 197
135.983 197
136.033 198
136.084 198
136.134 199
136.185 199
136.235 199
136.285 200
136.336 200
136.386 200
136.437 200
136.487 200
136.538 200
136.588 194
136.638 189
136.689 184
136.739 180
136.79 176
136.84 173
136.891 170
136.941 168
136.991 166
137.042 164
137.092 162
137.143 161
137.193 160
137.244 158
137.294 158
137.345 157
137.395 156
137.445 162
137.496 166
137.546 171
137.597 175
137.647 178
137.698 181
137.748 183
137.798 186
137.849 188
137.899 189
137.95 191
138 192
138.051 193
138.101 194
138.151 195
138.202 196
138.252 197
138.303 197
138.353 198
138.404 198
138.454 199
138.504 199
138.555 199
138.605 199
138.656 200
138.706 200
138.757 200
138.807 200
138.857 200
138.908 194
138.958 189
139.009 184
139.059 180
139.11 176
139.16 173
139.211 170
139.261 168
139.311 166
139.362 164
139.412 162
139.463 161
139.513 160
139.564 158
139.614 157
139.664 157
139.715 156
139.765 162
139.816 167
139.866 171
139.917 175
139.967 178
140.017 181
140.068 183
140.118 186
140.169 188
140.219 189
140.27 191
140.32 192
140.37 193
140.421 194
140.471 195
140.522 196
140.572 197
140.623 197
140.673 198
140.723 198
140.774 198
140.824 199
140.875 199
140.925 199
140.976 200
141.026 200
141.076 200
141.127 200
141.177 200
141.228 194
141.278 189
141.329 184
141.379 180
141.43 176
141.48 173
141.53 170
141.581 168
141.631 166
141.682 164
141.732 162
141.783 161
141.833 160
141.883 158
141.934 157
141.984 157
142.035 156
142.085 162
142.136 167
142.186 171
142.236 175
142.287 178
142.337 181
142.388 183
142.438 186
142.489 188
142.539 189
142.589 191
142.64 192
142.69 193
142.741 194
142.791 195
142.842 196
142.892 197
142.942 197
142.993 198
143.043 198
143.094 198
143.144 199
143.195 199
143.245 199
143.295 200
143.346 200
143.396 200
143.447 200
143.497 200
143.548 194
143.598 189
143.649 184
143.699 180
143.749 176
143.8 173
143.85 170
143.901 168
143.951 166
144.002 164
144.052 162
144.102 161
144.153 159
144.203 158
144.254 157
144.304 157
144.355 156
144.405 162
144.455 167
144.506 171
144.556 175
144.607 178
144.657 181
144.708 183
144.758 186
144.808 188
144.859 189
144.909 191
144.96 192
145.01 193
145.061 194
145.111 195
145.161 196
145.212 197
145.262 197
145.313 198
145.363 198
145.414 198
145.464 199
145.515 199
145.565 199
145.615 200
145.666 200
145.716 200
145.767 200
145.817 200
145.868 194
145.918 189
145.968 184
146.019 180
146.069 176
146.12 173
146.17 170
146.221 168
146.271 166
146.321 164
146.372 162
146.422 161
146.473 159
146.523 158
146.574 157
146.624 157
146.674 156
146.725 162
146.775 167
146.826 171
146.876 175
146.927 178
146.977 181
147.027 183
147.078 186
147.128 188
147.179 189
147.229 191
147.28 192
147.33 193
147.38 194
147.431 195
147.481 196
147.532 196
147.582 197
147.633 198
147.683 198
147.734 199
147.784 199
147.834 199
147.885 199
147.935 200
147.986 200
148.036 200
148.087 200
148.137 200
148.187 194
148.238 189
148.288 184
148.339 180
148.389 176
148.44 173
148.49 170
148.54 168
148.591 166
148.641 164
148.692 162
148.742 161
148.793 160
148.843 159
148.893 158
148.944 157
148.994 156
149.045 161
149.146 166
149.196 171
149.259 176
149.309 175
149.359 179
149.41 184
149.46 186
149.511 188
149.561 189
149.612 191
149.662 192
149.713 193
149.763 194
149.813 195
149.864 196
149.914 197
149.965 197
150.015 198
150.066 198
150.116 198
150.166 199
150.217 199
150.267 199
150.318 200
150.368 200
150.419 200
150.469 200
150.519 194
150.57 189
150.62 184
150.671 180
150.721 176
150.772 173
150.822 170
150.872 168
150.923 166
150.973 164
151.024 162
151.074 161
151.125 159
151.175 158
151.225 157
151.276 157
151.326 156
151.377 161
151.427 166
151.478 171
151.528 175
151.579 178
151.629 181
151.679 183
151.73 186
151.78 188
151.831 189
151.881 191
151.932 192
151.982 193
152.032 194
152.083 195
152.133 196
152.184 197
152.234 197
152.285 198
152.335 198
152.385 198
152.436 199
152.486 199
152.537 199
152.587 200
152.638 200
152.688 200
152.738 200
152.789 200
152.839 194
152.89 189
152.94 184
152.991 180
153.041 176
153.091 173
153.142 170
153.192 168
153.243 166
153.293 164
153.344 162
153.394 161
153.444 160
153.495 158
153.545 157
153.596 157
153.646 156
153.697 162
153.747 167
153.798 171
153.848 175
153.898 178
153.949 181
153.999 183
154.05 186
154.1 188
154.151 189
154.201 191
154.251 192
154.302 193
154.352 194
154.403 195
154.453 196
154.504 197
154.554 197
154.604 198
154.655 198
154.705 198
154.756 199
154.806 199
154.857 199
154.907 200
154.957 200
155.008 200
155.058 200
155.109 200
155.159 194
155.21 189
155.26 184
155.31 180
155.361 176
155.411 173
155.462 170
155.512 168
155.563 166
155.613 164
155.663 162
155.714 161
155.764 159
155.815 158
155.865 157
155.916 157
155.966 156
156.017 162
156.067 167
156.117 171
156.168 175
156.218 178
156.269 181
156.319 183
156.37 186
156.42 188
156.47 189
156.521 191
156.571 192
156.622 193
156.672 194
156.723 195
156.773 196
156.823 197
156.874 197
156.924 198
156.975 198
157.025 198
157.076 199
157.126 199
157.176 199
157.227 200
157.277 200
157.328 200
157.378 200
157.429 200
157.479 194
157.529 189
157.58 184
157.63 180
157.681 176
157.731 173
157.782 170
157.832 168
157.883 166
157.933 164
157.983 162
158.034 161
158.084 160
158.135 158
158.185 158
158.236 157
158.286 156
158.336 162
158.387 166
158.437 171
158.488 175
158.538 178
158.589 181
158.639 183
158.689 186
158.74 188
158.79 189
158.841 191
158.891 192
158.942 193
158.992 194
159.042 195
159.093 196
159.143 197
159.194 197
159.244 198
159.295 198
159.345 199
159.395 199
159.446 199
159.496 199
159.547 200
159.597 200
159.648 200
159.698 200
159.748 200
159.799 194
159.849 189
159.9 184
159.95 180
160.001 176
160.051 173
160.102 170
160.152 168
160.202 166
160.253 164
160.303 162
160.354 161
160.404 160
160.455 158
160.505 157
160.555 157
160.606 156
160.656 162
160.707 167
160.757 171
160.808 175
160.858 178
160.908 181
160.959 183
161.009 186
161.06 188
161.11 189
161.161 191
161.211 192
161.261 193
161.312 194
161.362 195
161.413 196
161.463 197
161.514 197
161.564 198
161.614 198
161.665 198
161.715 199
161.766 199
161.816 199
161.867 200
161.917 200
161.968 200
162.018 200
162.068 200
162.119 194
162.169 189
162.22 184
162.27 180
162.321 176
162.371 173
162.421 170
162.472 168
162.522 166
162.573 164
162.623 162
162.674 161
162.724 160
162.774 158
162.825 157
162.875 157
162.926 156
162.976 162
163.027 167
163.077 171
163.127 175
163.178 178
163.228 181
163.279 183
163.329 186
163.38 188
163.43 189
163.48 191
163.531 192
163.581 193
163.632 194
163.682 195
163.733 196
163.783 197
163.833 197
163.884 198
163.934 198
163.985 198
164.035 199
164.086 199
164.136 199
164.187 200
164.237 200
164.287 200
164.338 200
164.388 200
164.439 194
164.489 189
164.54 184
164.59 180
164.64 176
164.691 173
164.741 170
164.792 168
164.842 166
164.893 164
164.943 162
164.993 161
165.044 159
165.094 158
165.145 157
165.195 157
165.246 156
165.296 162
165.346 167
165.397 171
165.447 175
165.498 178
165.548 181
165.599 183
165.649 186
165.699 188
165.75 189
165.8 191
165.851 192
165.901 193
165.952 194
166.002 195
166.052 196
166.103 197
166.153 197
166.204 198
166.254 198
166.305 198
166.355 199
166.406 199
166.456 199
166.506 200
166.557 200
166.607 200
166.658 200
166.708 200
166.759 194
166.809 189
166.859 184
166.91 180
166.96 176
167.011 173
167.061 170
167.112 168
167.162 166
167.212 164
167.263 162
167.313 161
167.364 159
167.414 158
167.465 157
167.515 157
167.565 156
167.616 162
167.666 167
167.717 171
167.767 175
167.818 178
167.868 181
167.918 183
167.969 186
168.019 188
168.07 189
168.12 191
168.171 192
168.221 193
168.272 194
168.322 195
168.372 196
168.423 196
168.473 197
168.524 198
168.574 198
168.625 199
168.675 199
168.725 199
168.776 199
168.826 200
168.877 200
168.927 200
168.978 200
169.028 200
169.078 194
169.129 189
169.179 184
169.23 180
169.28 176
169.331 173
169.381 170
169.482 168
169.532 166
169.62 162
169.671 166
169.721 168
169.771 166
169.822 164
169.872 163
169.923 161
169.973 166
170.024 171
170.074 174
170.124 178
170.175 181
170.225 183
170.276 185
170.326 187
170.377 189
170.427 191
170.477 192
170.528 193
170.578 194
170.629 195
170.679 196
170.73 196
170.78 197
170.83 198
170.881 198
170.931 198
170.982 199
171.032 199
171.083 199
171.133 200
171.184 200
171.234 200
171.284 194
171.335 188
171.385 184
171.436 180
171.486 176
171.537 173
171.587 170
171.637 168
171.688 165
171.738 164
171.789 162
171.839 161
171.89 159
171.94 158
171.99 157
172.041 157
172.091 156
172.142 162
172.192 167
172.243 171
172.293 175
172.343 178
172.394 181
172.444 183
172.495 186
172.545 188
172.596 189
172.646 191
172.696 192
172.747 193
172.797 194
172.848 195
172.898 196
172.949 197
172.999 197
173.049 198
173.1 198
173.15 198
173.201 199
173.251 199
173.302 199
173.352 200
173.403 200
173.453 200
173.503 200
173.554 200
173.604 194
173.655 189
173.705 184
173.756 180
173.806 176
173.856 173
173.907 170
173.957 168
174.008 166
174.058 164
174.109 162
174.159 161
174.209 159
174.26 158
174.31 157
174.361 157
174.411 156
174.462 162
174.512 167
174.562 171
174.613 175
174.663 178
174.714 181
174.764 183
174.815 186
174.865 188
174.915 189
174.966 191
175.016 192
175.067 193
175.117 194
175.168 195
175.218 196
175.268 197
175.319 197
175.369 198
175.42 198
175.47 198
175.521 199
175.571 199
175.622 199
175.672 200
175.722 200
175.773 200
175.823 200
175.874 200
175.924 194
175.975 189
176.025 184
176.075 180
176.126 176
176.176 173
176.227 170
176.277 168
176.328 166
176.378 164
176.428 162
176.479 161
176.529 159
176.58 158
176.63 158
176.681 157
176.731 156
176.781 162
176.832 167
176.882 171
176.933 175
176.983 178
177.034 181
177.084 183
177.134 186
177.185 188
177.235 189
177.286 191
177.336 192
177.387 193
177.437 194
177.488 195
177.538 196
177.588 197
177.639 197
177.689 198
177.74 198
177.79 199
177.841 199
177.891 199
177.941 199
177.992 200
178.042 200
178.093 200
178.143 200
178.194 200
178.244 194
178.294 189
178.345 184
178.395 180
178.446 176
178.496 173
178.547 170
178.597 168
178.647 166
178.698 164
178.748 162
178.799 161
178.849 160
178.9 158
178.95 158
179 157
179.051 156
179.101 162
179.152 166
179.202 171
179.253 175
179.303 178
179.353 181
179.404 183
179.454 186
179.505 188
179.555 189
179.606 191
179.656 192
179.707 193
179.757 194
179.807 195
179.858 196
179.908 197
179.959 197
180.009 198
180.06 198
180.11 198
180.16 199
180.211 199
180.261 199
180.312 200
180.362 200
180.413 200
180.463 200
180.513 200
180.564 194
180.614 189
180.665 184
180.715 180
180.766 176
180.816 173
180.866 170
180.917 168
180.967 166
181.018 164
181.068 162
181.119 161
181.169 160
181.219 158
181.27 157
181.32 157
181.371 156
181.421 162
181.472 167
181.522 171
181.572 175
181.623 178
181.673 181
181.724 183
181.774 186
181.825 188
181.875 189
181.926 191
181.976 192
182.026 193
182.077 194
182.127 195
182.178 196
182.228 197
182.279 197
182.329 198
182.379 198
182.43 198
182.48 199
182.531 199
182.581 199
182.632 200
182.682 200
182.732 200
182.783 200
182.833 200
182.884 194
182.934 189
182.985 184
183.035 180
183.085 176
183.136 173
183.186 170
183.237 168
183.287 166
183.338 164
183.388 162
183.438 161
183.489 160
183.539 158
183.59 157
183.64 157
183.691 156
183.741 162
183.792 167
183.842 171
183.892 175
183.943 178
183.993 181
184.044 183
184.094 186
184.145 188
184.195 189
184.245 191
184.296 192
184.346 193
184.397 194
184.447 195
184.498 196
184.548 197
184.598 197
184.649 198
184.699 198
184.75 198
184.8 199
184.851 199
184.901 199
184.951 200
185.002 200
185.052 200
185.103 200
185.153 200
185.204 194
185.254 189
185.304 184
185.355 180
185.405 176
185.456 173
185.506 170
185.557 168
185.607 166
185.657 164
185.708 162
185.758 161
185.809 159
185.859 158
185.96 158
186.011 157
186.073 164
186.124 164
186.174 170
186.224 175
186.275 178
186.325 181
186.376 184
186.426 186
186.477 188
186.527 190
186.577 191
186.628 192
186.678 193
186.729 194
186.779 195
186.83 196
186.88 197
186.93 197
186.981 198
187.031 198
187.082 198
187.132 199
187.183 199
187.233 199
187.283 200
187.334 200
187.384 200
187.435 200
187.485 194
187.536 189
187.586 184
187.637 180
187.687 176
187.737 173
187.788 170
187.838 168
187.889 166
187.939 164
187.99 162
188.04 161
188.09 159
188.141 158
188.191 157
188.242 157
188.292 156
188.343 162
188.393 167
188.443 171
188.494 175
188.544 178
188.595 181
188.645 183
188.696 186
188.746 188
188.796 189
188.847 191
188.897 192
188.948 193
188.998 194
189.049 195
189.099 196
189.149 197
189.2 197
189.25 198
189.301 198
189.351 198
189.402 199
189.452 199
189.502 199
189.553 200
189.603 200
189.654 200
189.704 200
189.755 200
189.805 194
189.856 189
189.906 184
189.956 180
190.007 176
190.057 173
190.108 170
190.158 168
190.209 166
190.259 164
190.309 162
190.36 161
190.41 160
190.461 158
190.511 158
190.562 157
190.612 156
190.662 162
190.713 166
190.763 171
190.814 175
190.864 178
190.915 181
190.965 184
191.015 186
191.066 188
191.116 189
191.167 191
191.217 192
191.268 193
191.318 194
191.368 195
191.419 196
191.469 197
191.52 197
191.57 198
191.621 198
191.671 199
191.721 199
191.772 199
191.822 199
191.873 200
191.923 200
191.974 200
192.024 200
192.075 200
192.125 194
192.175 189
192.226 184
192.276 180
192.327 176
192.377 173
192.428 170
192.478 168
192.528 166
192.579 164
192.629 162
192.68 161
192.73 160
192.781 158
192.831 157
192.881 157
192.932 156
192.982 162
193.033 167
193.083 171
193.134 175
193.184 178
193.234 181
193.285 183
193.335 186
193.386 188
193.436 189
193.487 191
193.537 192
193.587 193
193.638 194
193.688 195
193.739 196
193.789 197
193.84 197
193.89 198
193.94 198
193.991 198
194.041 199
194.092 199
194.142 199
194.193 200
194.243 200
194.294 200
194.344 200
194.394 200
194.445 194
194.495 189
194.546 184
194.596 180
194.647 176
194.697 173
194.747 170
194.798 168
194.848 166
194.899 164
194.949 162
195 161
195.05 160
195.1 158
195.151 157
195.201 157
195.252 156
195.302 162
195.353 167
195.403 171
195.453 175
195.504 178
195.554 181
195.605 183
195.655 186
195.706 188
195.756 189
195.806 191
195.857 192
195.907 193
195.958 194
196.008 195
196.059 196
196.109 197
196.16 197
196.21 198
196.26 198
196.311 198
196.361 199
196.412 199
196.462 199
196.513 200
196.563 200
196.613 200
196.664 200
196.714 200
196.765 194
196.815 189
196.866 184
196.916 180
196.966 176
197.017 173
197.067 170
197.118 168
197.168 166
197.219 164
197.269 162
197.319 161
197.37 160
197.42 158
197.471 157
197.521 157
197.572 156
197.622 162
197.672 167
197.723 171
197.773 175
197.824 178
197.874 181
197.925 183
197.975 186
198.025 188
198.076 189
198.126 191
198.177 192
198.227 193
198.278 194
198.328 195
198.379 196
198.429 197
198.479 197
198.53 198
198.58 198
198.631 198
198.681 199
198.732 199
198.782 199
198.832 200
198.883 200
198.933 200
198.984 200
199.034 200
199.085 194
199.135 189
199.185 184
199.236 180
199.286 176
199.337 173
199.387 170
199.438 168
199.488 166
199.538 164
199.589 162
199.639 161
199.69 159
199.74 158
199.791 157
199.841 157
199.891 156
199.942 162
199.992 167
200.043 171
200.093 175
200.144 178
200.194 181
200.244 183
200.295 186
200.345 188
200.396 189
200.446 191
200.497 192
200.547 193
200.598 194
200.648 195
200.698 196
200.749 196
200.799 197
200.85 198
200.9 198
200.951 199
201.001 199
201.051 199
201.102 199
201.152 200
201.203 200
201.253 200
201.304 200
201.354 200
201.404 194
201.455 189
201.505 184
201.556 180
201.606 176
201.657 173
201.707 170
201.757 168
201.808 166
201.858 164
201.909 162
201.959 161
202.01 159
202.06 158
202.11 157
202.161 157
202.211 156
202.262 161
202.312 166
202.363 171
202.413 175
202.464 178
202.514 181
202.564 183
202.615 186
202.665 188
202.716 189
202.766 191
202.817 192
202.867 193
202.917 194
202.968 195
203.018 196
203.069 197
203.119 197
203.17 198
203.22 198
203.27 198
203.321 199
203.371 199
203.422 199
203.472 200
203.523 200
203.573 200
203.623 200
203.674 200
203.724 194
203.775 189
203.825 184
203.876 180
203.926 176
203.976 173
204.027 170
204.077 168
204.128 166
204.178 164
204.229 162
204.279 161
204.329 160
204.38 158
204.43 157
204.481 157
204.531 156
204.582 162
204.632 167
204.683 171
204.733 175
204.783 178
204.834 181
204.884 183
204.935 186
204.985 188
205.036 189
205.086 191
205.136 192
205.187 193
205.237 194
205.288 195
205.338 196
205.389 197
205.439 197
205.489 198
205.54 198
205.59 198
205.641 199
205.691 199
205.742 199
205.792 200
205.842 200
205.893 200
205.943 200
205.994 200
206.044 194
206.095 189
206.145 184
206.195 180
206.246 176
206.296 173
206.347 170
206.397 168
206.448 166
206.498 164
206.548 162
206.599 161
206.649 159
206.7 158
206.75 157
206.801 157
206.851 156
206.902 162
206.952 167
207.002 171
207.053 175
207.103 178
207.154 181
207.204 183
207.255 186
207.305 188
207.355 189
207.406 191
207.456 192
207.507 193
207.557 194
207.608 195
207.658 196
207.708 197
207.759 197
207.809 198
207.86 198
207.91 198
207.961 199
208.011 199
208.061 199
208.112 200
208.162 200
208.213 200
208.263 200
208.314 200
208.364 194
208.414 189
208.465 184
208.515 180
208.566 176
208.616 173
208.667 170
208.717 168
208.768 166
208.818 164
208.868 162
208.919 161
208.969 160
209.02 158
209.07 158
209.121 157
209.171 156
209.221 162
209.272 166
209.322 171
209.373 175
209.474 178
209.524 181
209.587 185
209.637 182
209.687 186
209.738 190
209.788 191
209.839 192
209.889 193
209.94 194
209.99 195
210.04 196
210.091 197
210.141 197
210.192 198
210.242 198
210.293 199
210.343 199
210.393 199
210.444 199
210.494 200
210.545 200
210.595 200
210.646 200
210.696 194
210.747 189
210.797 184
210.847 180
210.898 176
210.948 173
210.999 170
211.049 168
211.1 166
211.15 164
211.2 162
211.251 161
211.301 160
211.352 158
211.402 158
211.453 157
211.503 156
211.553 162
211.604 167
211.654 171
211.705 175
211.755 178
211.806 181
211.856 183
211.906 186
211.957 188
212.007 189
212.058 191
212.108 192
212.159 193
212.209 194
212.259 195
212.31 196
212.36 197
212.411 197
212.461 198
212.512 198
212.562 199
212.613 199
212.663 199
212.713 199
212.764 200
212.814 200
212.865 200
212.915 200
212.966 200
213.016 194
213.066 189
213.117 184
213.167 180
213.218 176
213.268 173
213.319 170
213.369 168
213.419 166
213.47 164
213.52 162
213.571 161
213.621 160
213.672 158
213.722 158
213.772 157
213.823 156
213.873 162
213.924 166
213.974 171
214.025 175
214.075 178
214.125 181
214.176 183
214.226 186
214.277 188
214.327 189
214.378 191
214.428 192
214.478 193
214.529 194
214.579 195
214.63 196
214.68 197
214.731 197
214.781 198
214.832 198
214.882 198
214.932 199
214.983 199
215.033 199
215.084 200
215.134 200
215.185 200
215.235 200
215.285 200
215.336 194
215.386 189
215.437 184
215.487 180
215.538 176
215.588 173
215.638 170
215.689 168
215.739 166
215.79 164
215.84 162
215.891 161
215.941 160
215.991 158
216.042 157
216.092 157
216.143 156
216.193 162
216.244 167
216.294 171
216.344 175
216.395 178
216.445 181
216.496 183
216.546 186
216.597 188
216.647 189
216.697 191
216.748 192
216.798 193
216.849 194
216.899 195
216.95 196
217 197
217.051 197
217.101 198
217.151 198
217.202 198
217.252 199
217.303 199
217.353 199
217.404 200
217.454 200
217.504 200
217.555 200
217.605 200
217.656 194
217.706 189
217.757 184
217.807 180
217.857 176
217.908 173
217.958 170
218.009 168
218.059 166
218.11 164
218.16 162
218.21 161
218.261 160
218.311 158
218.362 157
218.412 157
218.463 156
218.513 162
218.563 167
218.614 171
218.664 175
218.715 178
218.765 181
218.816 183
218.866 186
218.917 188
218.967 189
219.017 191
219.068 192
219.118 193
219.169 194
219.219 195
219.27 196
219.32 197
219.37 197
219.421 198
219.471 198
219.522 198
219.572 199
219.623 199
219.673 199
219.723 200
219.774 200
219.824 200
219.875 200
219.925 200
219.976 194
220.026 189
220.076 184
220.127 180
220.177 176
220.228 173
220.278 170
220.329 168
220.379 166
220.429 164
220.48 162
220.53 161
220.581 159
220.631 158
220.682 157
220.732 157
220.782 156
220.833 162
220.883 167
220.934 171
220.984 175
221.035 178
221.085 181
221.136 183
221.186 186
221.236 188
221.287 189
221.337 191
221.388 192
221.438 193
221.489 194
221.539 195
221.589 196
221.64 196
221.69 197
221.741 198
221.791 198
221.842 199
221.892 199
221.942 199
221.993 199
222.043 200
222.094 200
222.144 200
222.195 200
222.245 200
222.295 194
222.346 189
222.396 184
222.447 180
222.497 176
222.548 173
222.598 170
222.648 168
222.699 166
222.749 164
222.8 162
222.85 161
222.901 159
222.951 158
223.001 157
223.052 157
223.102 156
223.153 161
223.203 166
223.254 171
223.304 175
223.355 178
223.405 181
223.455 183
223.506 186
223.556 188
223.607 189
223.657 191
223.708 192
223.758 193
223.859 194
223.909 195
223.972 197
224.022 193
224.073 196
224.123 198
224.174 198
224.224 199
224.274 199
224.325 199
224.375 200
224.426 200
224.476 200
224.527 200
224.577 200
224.627 194
224.678 189
224.728 184
224.779 180
224.829 176
224.88 173
224.93 170
224.981 168
225.031 166
225.081 164
225.132 162
225.182 161
225.233 159
225.283 158
225.334 157
225.384 157
225.434 156
225.485 161
225.535 166
225.586 171
225.636 175
225.687 178
225.737 181
225.787 183
225.838 186
225.888 188
225.939 189
225.989 191
226.04 192
226.09 193
226.14 194
226.191 195
226.241 196
226.292 196
226.342 197
226.393 198
226.443 198
226.493 199
226.544 199
226.594 199
226.645 199
226.695 200
226.746 200
226.796 200
226.846 200
226.897 200
226.947 194
226.998 189
227.048 184
227.099 180
227.149 176
227.2 173
227.25 170
227.3 168
227.351 166
227.401 164
227.452 162
227.502 161
227.553 160
227.603 158
227.653 157
227.704 157
227.754 156
227.805 162
227.855 167
227.906 171
227.956 175
228.006 178
228.057 181
228.107 183
228.158 186
228.208 188
228.259 189
228.309 191
228.359 192
228.41 193
228.46 194
228.511 195
228.561 196
228.612 197
228.662 197
228.712 198
228.763 198
228.813 199
228.864 199
228.914 199
228.965 199
229.015 200
229.065 200
229.116 200
229.166 200
229.217 200
229.267 194
229.318 189
229.368 184
229.419 180
229.469 176
229.519 173
229.57 170
229.62 168
229.671 166
229.721 164
229.772 162
229.822 161
229.872 159
229.923 158
229.973 157
230.024 157
230.074 156
230.125 162
230.175 167
230.225 171
230.276 175
230.326 178
230.377 181
230.427 183
230.478 186
230.528 188
230.578 189
230.629 191
230.679 192
230.73 193
230.78 194
230.831 195
230.881 196
230.931 197
230.982 197
231.032 198
231.083 198
231.133 198
231.184 199
231.234 199
231.285 199
231.335 200
231.385 200
231.436 200
231.486 200
231.537 200
231.587 194
231.638 189
231.688 184
231.738 180
231.789 176
231.839 173
231.89 170
231.94 168
231.991 166
232.041 164
232.091 162
232.142 161
232.192 160
232.243 158
232.293 158
232.344 157
232.394 156
232.444 162
232.495 167
232.545 171
232.596 175
232.646 178
232.697 181
232.747 183
232.797 186
232.848 188
232.898 189
232.949 191
232.999 192
233.05 193
233.1 194
233.15 195
233.201 196
233.251 197
233.302 197
233.352 198
233.403 198
233.453 199
233.504 199
233.554 199
233.604 199
233.655 200
233.705 200
233.756 200
233.806 200
233.857 200
233.907 194
233.957 189
234.008 184
234.058 180
234.109 176
234.159 173
234.21 170
234.26 168
234.31 166
234.361 164
234.411 162
234.462 161
234.512 160
234.563 158
234.613 158
234.663 157
234.714 156
234.764 162
234.815 166
234.865 171
234.916 175
234.966 178
235.016 181
235.067 183
235.117 186
235.168 188
235.218 189
235.269 191
235.319 192
235.369 193
235.42 194
235.47 195
235.521 196
235.571 197
235.622 197
235.672 198
235.723 198
235.773 198
235.823 199
235.874 199
235.924 199
235.975 200
236.025 200
236.076 200
236.126 200
236.176 200
236.227 194
236.277 189
236.328 184
236.378 180
236.429 176
236.479 173
236.529 170
236.58 168
236.63 166
236.681 164
236.731 162
236.782 161
236.832 160
236.882 158
236.933 157
236.983 157
237.034 156
237.084 162
237.135 167
237.185 171
237.235 175
237.286 178
237.336 181
237.387 183
237.437 186
237.488 188
237.538 189
237.589 191
