0.19764 85
0.248072 95
0.298504 110
0.348936 130
0.399368 153
0.4498 180
0.500232 195
0.550664 209
0.601096 220
0.651528 237
0.70196 251
0.752392 264
0.802824 281
0.853256 290
0.903688 298
0.95412 305
1.00455 311
1.05498 316
1.10542 321
1.15585 325
1.20628 328
1.25671 331
1.30714 334
1.35758 336
1.40801 338
1.45844 334
1.50887 330
1.5593 326
1.60974 323
1.66017 321
1.7106 318
1.76103 316
1.81146 315
1.8619 313
1.91233 312
1.96276 304
2.01319 298
2.06362 292
2.11406 287
2.16449 282
2.21492 279
2.26535 275
2.31578 272
2.36622 263
2.41665 256
2.46708 249
2.51751 243
2.56794 238
2.61838 233
2.66881 223
2.71924 214
2.76967 206
2.8201 199
2.87054 193
2.92097 188
2.9714 183
3.02183 179
3.07226 176
3.1227 172
3.17313 170
3.22356 167
3.27399 165
3.32442 163
3.37486 162
3.42529 161
3.47572 159
3.52615 165
3.57658 169
3.62702 173
3.67745 177
3.72788 180
3.77831 182
3.82874 185
3.87918 187
3.92961 189
3.98004 190
4.03047 192
4.0809 193
4.13134 194
4.18177 195
4.2322 196
4.28263 196
4.33306 197
4.3835 198
4.43393 198
4.48436 198
4.53479 199
4.58522 199
4.63566 199
4.68609 200
4.73652 200
4.78695 200
4.83738 200
4.88782 200
4.93825 200
4.98868 194
5.03911 189
5.08954 184
5.13998 180
5.19041 176
5.24084 173
5.29127 170
5.3417 168
5.39214 166
5.44257 164
5.493 162
5.54343 161
5.59386 160
5.6443 158
5.69473 157
5.74516 157
5.79559 156
5.84602 162
5.89646 167
5.94689 171
5.99732 175
6.04775 178
6.09818 181
6.14862 183
6.19905 186
6.24948 188
6.29991 189
6.35034 191
6.40078 192
6.45121 193
6.50164 194
6.55207 195
6.6025 196
6.65294 197
6.70337 197
6.7538 198
6.80423 198
6.85466 198
6.9051 199
6.95553 199
7.00596 199
7.05639 200
7.10682 200
7.15726 200
7.20769 200
7.25812 200
7.30855 194
7.35898 189
7.40942 184
7.45985 180
7.51028 176
7.56071 173
7.61114 170
7.66158 168
7.73799 169
7.9771 168
8.02753 166
8.09013 166
8.14056 165
8.20316 166
8.25359 166
8.31618 167
8.36662 167
8.42921 168
8.47964 167
8.54224 168
8.59267 167
8.65527 168
8.7057 168
8.75613 167
8.80656 165
8.857 163
8.90743 162
8.95786 160
9.00829 159
9.05872 158
9.10916 157
9.15959 156
9.21002 156
9.26045 155
9.31088 155
9.36132 154
9.41175 160
9.46218 165
9.51261 170
9.56304 174
9.61348 177
9.66391 180
9.74032 186
9.99172 181
10.0421 178
10.1047 176
10.1552 174
10.2178 174
10.2682 173
10.3308 173
10.3812 172
10.4438 172
10.4943 171
10.5447 170
10.5951 168
10.6456 166
10.696 164
10.7464 162
10.7969 161
10.8473 159
10.8977 158
10.9481 157
10.9986 157
11.049 156
11.0994 155
11.1499 155
11.2003 154
11.2507 154
11.3012 160
11.3516 165
11.402 169
11.4525 173
11.5029 177
11.5533 180
11.6038 183
11.6542 185
11.7046 187
11.7551 189
11.8055 190
11.8559 192
11.9064 193
11.9568 194
12.0072 195
12.0577 196
12.1081 196
12.1585 197
12.2089 197
12.2594 198
12.3098 198
12.3602 199
12.4107 199
12.4611 199
12.5115 200
12.562 200
12.6124 200
12.6628 200
12.7133 200
12.7637 194
12.8141 189
12.8646 184
12.915 180
12.9654 176
13.0159 173
13.0663 170
13.1167 168
13.1672 166
13.2176 164
13.268 162
13.3185 161
13.3689 160
13.4193 158
13.4697 157
13.5202 157
13.5706 156
13.621 162
13.6715 167
13.7219 171
13.7723 175
13.8228 178
13.8732 181
13.9236 183
13.9741 186
14.0245 188
14.0749 189
14.1254 191
14.1758 192
14.2262 193
14.2767 194
14.3271 195
14.3775 196
14.428 197
14.4784 197
14.5288 198
14.5793 198
14.6297 198
14.6801 199
14.7305 199
14.781 199
14.8314 200
14.8818 200
14.9323 200
14.9827 200
15.0331 200
15.0836 194
15.134 189
15.1844 184
15.2349 180
15.2853 176
15.3357 173
15.3862 170
15.4366 168
15.487 166
15.5375 164
15.5879 162
15.6383 161
15.6888 159
15.7392 158
15.7896 157
15.8401 157
15.8905 156
15.9409 162
15.9913 167
16.0418 171
16.0922 175
16.1426 178
16.1931 181
16.2435 183
16.2939 186
16.3444 188
16.3948 189
16.4452 191
16.4957 192
16.5461 193
16.5965 194
16.647 195
16.6974 196
16.7478 196
16.7983 197
16.8487 198
16.8991 198
16.9496 199
17 199
17.0504 199
17.1009 199
17.1513 200
17.2017 200
17.2521 200
17.3026 200
17.353 200
17.4034 194
17.4539 189
17.5043 184
17.5547 180
17.6052 176
17.6556 173
17.706 170
17.7565 168
17.8069 166
17.8573 164
17.9078 162
17.9582 161
18.0086 159
18.0591 158
18.1095 157
18.1599 157
18.2104 156
18.2608 161
18.3112 166
18.3617 171
18.4121 175
18.4625 178
18.5129 181
18.5634 183
18.6138 186
18.6642 188
18.7147 189
18.7651 191
18.8155 192
18.866 193
18.9164 194
18.9668 195
19.0173 196
19.0677 197
19.1181 197
19.1686 198
19.219 198
19.2694 198
19.3199 199
19.3703 199
19.4207 199
19.4712 200
19.5216 200
19.572 200
19.6225 200
19.6729 200
19.7233 194
19.7737 189
19.8242 184
19.8746 180
19.925 176
19.9755 173
20.0259 170
20.0763 168
20.1268 166
20.1772 164
20.2276 162
20.2781 161
20.3285 160
20.3789 158
20.4294 157
20.4798 157
20.5302 156
20.5807 162
20.6311 167
20.6815 171
20.732 175
20.7824 178
20.8328 181
20.8833 183
20.9337 186
20.9841 188
21.0345 189
21.085 191
21.1354 192
21.1858 193
21.2363 194
21.2867 195
21.3371 196
21.3876 197
21.438 197
21.4884 198
21.5389 198
21.5893 199
21.6397 199
21.6902 199
21.7406 199
21.791 200
21.8415 200
21.8919 200
21.9423 200
21.9928 200
22.0432 194
22.0936 189
22.1441 184
22.1945 180
22.2449 176
22.2953 173
22.3458 170
22.3962 168
22.4466 166
22.4971 164
22.5475 162
22.5979 161
22.6484 159
22.6988 158
22.7492 157
22.7997 157
22.8501 156
22.9005 162
22.951 167
23.0014 171
23.0518 175
23.1023 178
23.1527 181
23.2031 183
23.2536 186
23.304 188
23.3544 189
23.4049 191
23.4553 192
23.5057 193
23.5561 194
23.6066 195
23.657 196
23.7074 197
23.7579 197
23.8083 198
23.8587 198
23.9092 198
23.9596 199
24.01 199
24.0605 199
24.1109 200
24.1613 200
24.2118 200
24.2622 200
24.3126 200
24.3631 194
24.4135 189
24.4639 184
24.5144 180
24.5648 176
24.6152 173
24.6657 170
24.7161 168
24.7665 166
24.8169 164
24.8674 162
24.9178 161
24.9682 160
25.0187 158
25.0691 158
25.1195 157
25.17 156
25.2204 162
25.2708 166
25.3213 171
25.3717 175
25.4221 178
25.4726 181
25.523 183
25.5734 186
25.6239 188
25.6743 189
25.7247 191
25.7752 192
25.8256 193
25.876 194
25.9265 195
25.9769 196
26.0273 197
26.0777 197
26.1282 198
26.1786 198
26.229 199
26.2795 199
26.3299 199
26.3803 199
26.4308 200
26.4812 200
26.5316 200
26.5821 200
26.6325 200
26.6829 194
26.7334 189
27.0107 184
27.0612 180
27.1238 177
27.1742 176
27.2368 176
27.2872 174
27.3498 174
27.4003 173
27.4629 173
27.5133 172
27.5759 172
27.6263 171
27.6889 171
27.7393 170
27.7898 169
27.8402 167
27.8906 165
27.9411 163
27.9915 162
28.0419 160
28.0924 159
28.1428 158
28.1932 157
28.2437 156
28.2941 156
28.3445 155
28.395 155
28.4454 160
28.4958 165
28.5463 170
28.5967 174
28.6471 177
28.6975 180
28.748 183
28.7984 185
28.8488 187
28.8993 189
28.9497 190
29.0001 192
29.0506 193
29.101 194
29.1514 195
29.2019 196
29.2523 196
29.3027 197
29.3532 198
29.4036 198
29.454 198
29.5045 199
29.5549 199
29.6053 199
29.6558 199
29.7062 200
29.7566 200
29.8071 200
29.8575 200
29.9079 194
29.9583 189
30.0088 184
30.0592 180
30.1096 176
30.1601 173
30.2105 170
30.2609 168
30.3114 166
30.3618 164
30.4122 162
30.4627 161
30.5131 160
30.5635 158
30.614 157
30.6644 157
30.7148 156
30.7653 162
30.8157 167
30.8661 171
30.9166 175
30.967 178
31.0174 181
31.0679 183
31.1183 186
31.1687 188
31.2191 189
31.2696 191
31.32 192
31.3704 193
31.4209 194
31.4713 195
31.5217 196
31.5722 197
31.673 197
31.7235 198
31.7861 200
31.8365 195
31.8869 197
31.9374 199
31.9878 199
32.0382 200
32.0887 200
32.1391 200
32.1895 200
32.24 194
32.2904 189
32.3408 184
32.3912 180
32.4417 176
32.4921 173
32.5425 170
32.593 168
32.6434 166
32.6938 164
32.7443 162
32.7947 161
32.8451 160
32.8956 158
32.946 158
32.9964 157
33.0469 156
33.0973 162
33.1477 166
33.1982 171
33.2486 175
33.299 178
33.3495 181
33.3999 183
33.4503 186
33.5008 188
33.5512 189
33.6016 191
33.652 192
33.7025 193
33.7529 194
33.8033 195
33.8538 196
33.9042 197
33.9546 197
34.0051 198
34.0555 198
34.1059 198
34.1564 199
34.2068 199
34.2572 199
34.3077 200
34.3581 200
34.4085 200
34.459 200
34.5094 200
34.5598 194
34.6103 189
34.6607 184
34.7111 180
34.7616 176
34.812 173
34.8624 170
34.9128 168
34.9633 166
35.0137 164
35.0641 162
35.1146 161
35.165 160
35.2154 158
35.2659 157
35.3163 157
35.3667 156
35.4172 162
35.4676 167
35.518 171
35.5685 175
35.6189 178
35.6693 181
35.7198 183
35.7702 186
35.8206 188
35.8711 189
35.9215 191
35.9719 192
36.0224 193
36.0728 194
36.1232 195
36.1736 196
36.2241 197
36.2745 197
36.3249 198
36.3754 198
36.4258 198
36.4762 199
36.5267 199
36.5771 199
36.6275 200
36.678 200
36.7284 200
36.7788 200
36.8293 200
36.8797 194
36.9301 189
36.9806 184
37.031 180
37.0814 176
37.1319 173
37.1823 170
37.2327 168
37.2832 166
37.3336 164
37.384 162
37.4344 161
37.4849 160
37.5353 158
37.5857 157
37.6362 157
37.6866 156
37.737 162
37.7875 167
37.8379 171
37.8883 175
37.9388 178
37.9892 181
38.0396 183
38.0901 186
38.1405 188
38.1909 189
38.2414 191
38.2918 192
38.3422 193
38.3927 194
38.4431 195
38.4935 196
38.544 197
38.5944 197
38.6448 198
38.6952 198
38.7457 198
38.7961 199
38.8465 199
38.897 199
38.9474 200
38.9978 200
39.0483 200
39.0987 200
39.1491 200
39.1996 194
39.25 189
39.3004 184
39.3509 180
39.4013 176
39.4517 173
39.5022 170
39.5526 168
39.603 166
39.6535 164
39.7039 162
39.7543 161
39.8048 159
39.8552 158
39.9056 157
39.956 157
40.0065 156
40.0569 162
40.1073 167
40.1578 171
40.2082 175
40.2586 178
40.3091 181
40.3595 183
40.4099 186
40.4604 188
40.5108 189
40.5612 191
40.6117 192
40.6621 193
40.7125 194
40.763 195
40.8134 196
40.8638 196
40.9143 197
40.9647 198
41.0151 198
41.0656 199
41.116 199
41.1664 199
41.2168 199
41.2673 200
41.3177 200
41.3681 200
41.4186 200
41.469 200
41.5194 194
41.5699 189
41.6203 184
41.6707 180
41.7212 176
41.7716 173
41.822 170
41.8725 168
41.9229 166
41.9733 164
42.0238 162
42.0742 161
42.1246 159
42.1751 158
42.2255 157
42.2759 157
42.3264 156
42.3768 161
42.4272 166
42.4776 171
42.5281 175
42.5785 178
42.6289 181
42.6794 183
42.7298 186
42.7802 188
42.8307 189
42.8811 191
42.9315 192
42.982 193
43.0324 194
43.0828 195
43.1333 196
43.1837 197
43.2341 197
43.2846 198
43.335 198
43.3854 198
43.4359 199
43.4863 199
43.5367 199
43.8393 193
43.8897 188
43.9523 185
44.0028 182
44.0654 181
44.1158 179
44.1784 178
44.2288 176
44.2914 176
44.3419 175
44.3923 173
44.4427 170
44.4932 168
44.5436 166
44.594 164
44.6444 162
44.6949 161
44.7453 160
44.7957 158
44.8462 158
44.8966 157
44.947 156
44.9975 155
45.0479 161
45.0983 166
45.1488 170
45.1992 174
45.2496 178
45.3001 181
45.3505 183
45.4009 185
45.4514 187
45.5018 189
45.5522 191
45.6027 192
45.6531 193
45.7035 194
45.754 195
45.8044 196
45.8548 196
45.9052 197
45.9557 198
46.0061 198
46.0565 199
46.107 199
46.1574 199
46.2078 199
46.2583 200
46.3087 200
46.3591 200
46.4096 200
46.46 200
46.5104 194
46.5609 189
46.6113 184
46.6617 180
46.7122 176
46.7626 173
46.813 170
46.8635 168
46.9139 166
46.9643 164
47.0148 162
47.0652 161
47.1156 159
47.166 158
47.2165 157
47.2669 157
47.3173 156
47.3678 161
47.4182 166
47.4686 171
47.5191 175
47.5695 178
47.6199 181
47.6704 183
47.7208 186
47.7712 188
47.8217 189
47.8721 191
47.9225 192
47.973 193
48.0234 194
48.0738 195
48.1243 196
48.1747 197
48.2251 197
48.2756 198
48.326 198
48.3764 198
48.4268 199
48.4773 199
48.5277 199
48.5781 200
48.6286 200
48.679 200
48.7294 200
48.7799 200
48.8303 194
48.8807 189
48.9312 184
48.9816 180
49.032 176
49.0825 173
49.1329 170
49.1833 168
49.2338 166
49.2842 164
49.3346 162
49.3851 161
49.4355 160
49.4859 158
49.5364 157
49.5868 157
49.6372 156
49.6876 162
49.7381 167
49.7885 171
49.8389 175
49.8894 178
49.9398 181
49.9902 183
50.0407 186
50.0911 188
50.1415 189
50.192 191
50.2424 192
50.2928 193
50.3433 194
50.3937 195
50.4441 196
50.4946 197
50.545 197
50.5954 198
50.6459 198
50.6963 198
50.7467 199
50.7972 199
50.8476 199
50.898 200
50.9484 200
50.9989 200
51.0493 200
51.0997 200
51.1502 194
51.2006 189
51.251 184
51.3015 180
51.3519 176
51.4023 173
51.4528 170
51.5032 168
51.5536 166
51.6041 164
51.6545 162
51.7049 161
51.7554 159
51.8058 158
51.8562 157
51.9067 157
51.9571 156
52.0075 162
52.058 167
52.1084 171
52.1588 175
52.2092 178
52.2597 181
52.3101 183
52.3605 186
52.411 188
52.4614 189
52.5118 191
52.5623 192
52.6127 193
52.6631 194
52.7136 195
52.764 196
52.8144 197
52.8649 197
52.9153 198
52.9657 198
53.0162 198
53.0666 199
53.117 199
53.1675 199
53.2179 200
53.2683 200
53.3188 200
53.3692 200
53.4196 200
53.47 194
53.5205 189
53.5709 184
53.6213 180
53.6718 176
53.7222 173
53.7726 170
53.8231 168
53.8735 166
53.9239 164
53.9744 162
54.0248 161
54.0752 160
54.1257 158
54.1761 158
54.2265 157
54.277 156
54.3274 162
54.3778 166
54.4283 171
54.4787 175
54.5291 178
54.5796 181
54.63 183
54.6804 186
54.7308 188
54.7813 189
54.8317 191
54.8821 192
54.9326 193
54.983 194
55.0334 195
55.0839 196
55.1343 197
55.1847 197
55.2352 198
55.2856 198
55.336 199
55.3865 199
55.4369 199
55.4873 199
55.5378 200
55.5882 200
55.6386 200
55.6891 200
55.7395 200
55.7899 194
55.8404 189
55.8908 184
55.9412 180
55.9916 176
56.0421 173
56.0925 170
56.1429 168
56.1934 166
56.2438 164
56.2942 162
56.3447 161
56.3951 160
56.4455 158
56.496 157
56.5464 157
56.5968 156
56.6473 162
56.6977 167
56.7481 171
56.7986 175
56.849 178
56.8994 181
56.9499 183
57.0003 186
57.0507 188
57.1012 189
57.1516 191
57.202 192
57.2524 193
57.3029 194
57.3533 195
57.4037 196
57.4542 197
57.5046 197
57.555 198
57.6055 198
57.6559 198
57.7063 199
57.7568 199
57.8072 199
57.8576 200
57.9081 200
57.9585 200
58.0089 200
58.0594 200
58.1098 194
58.1602 189
58.2107 184
58.2611 180
58.3115 176
58.362 173
58.4124 170
58.4628 168
58.5132 166
58.5637 164
58.6141 162
58.6645 161
58.715 160
58.7654 158
58.8158 157
58.8663 157
58.9167 156
58.9671 162
59.0176 167
59.068 171
59.1184 175
59.1689 178
59.2193 181
59.2697 183
59.3202 186
59.3706 188
59.421 189
59.4715 191
59.5219 192
59.5723 193
59.6228 194
59.6732 195
59.7236 196
59.774 197
59.8245 197
59.8749 198
59.9253 198
59.9758 198
60.0262 199
60.0766 199
60.1271 199
60.1775 200
60.2279 200
60.2784 200
60.3288 200
60.3792 200
60.4297 194
60.4801 189
60.5305 184
60.581 180
60.6314 176
60.6818 173
60.7323 170
60.7827 168
60.8331 166
60.8836 164
60.934 162
60.9844 161
61.0348 159
61.0853 158
61.1357 157
61.1861 157
61.2366 156
61.287 162
61.3374 167
61.3879 171
61.4383 175
61.4887 178
61.5392 181
61.5896 183
61.64 186
61.6905 188
61.7409 189
61.7913 191
61.8418 192
61.8922 193
61.9426 194
61.9931 195
62.0435 196
62.0939 197
62.1444 197
62.1948 198
62.2452 198
62.2956 198
62.3461 199
62.3965 199
62.4469 199
62.4974 200
62.5478 200
62.5982 200
62.6487 200
62.6991 200
62.7495 194
62.8 189
62.8504 184
62.9008 180
62.9513 176
63.0017 173
63.0521 170
63.1026 168
63.153 166
63.2034 164
63.2539 162
63.3043 161
63.3547 159
63.4052 158
63.4556 157
63.506 157
63.5564 156
63.6069 162
63.6573 167
63.7077 171
63.7582 175
63.8086 178
63.859 181
63.9095 183
63.9599 186
64.0103 188
64.0608 189
64.1112 191
64.1616 192
64.2121 193
64.2625 194
64.3129 195
64.3634 196
64.4138 196
64.4642 197
64.5147 198
64.5651 198
64.6155 199
64.666 199
64.7164 199
64.7668 199
64.8172 200
64.8677 200
64.9181 200
64.9685 200
65.019 200
65.0694 194
65.1198 189
65.1703 184
65.2207 180
65.2711 176
65.3216 173
65.372 170
65.4224 168
65.4729 166
65.5233 164
65.5737 162
65.6242 161
65.6746 160
65.725 159
65.7755 158
65.8259 157
65.8763 156
65.9268 161
65.9772 166
66.0276 171
66.078 175
66.1285 178
66.1789 181
66.2293 183
66.2798 186
66.3302 188
66.3806 189
66.4311 191
66.4815 192
66.5319 193
66.5824 194
66.6328 195
66.6832 196
66.7337 197
66.7841 197
66.8345 198
66.885 198
66.9354 198
66.9858 199
67.0363 199
67.0867 199
67.1371 200
67.1876 200
67.238 200
67.2884 200
67.3388 200
67.3893 194
67.4397 189
67.4901 184
67.5406 180
67.591 176
67.6414 173
67.6919 170
67.7423 168
67.7927 166
67.8432 164
67.8936 162
67.944 161
67.9945 160
68.0449 158
68.0953 157
68.1458 157
68.1962 156
68.2466 162
68.2971 167
68.3475 171
68.3979 175
68.4484 178
68.4988 181
68.5492 183
68.5996 186
68.6501 188
68.7005 189
68.7509 191
68.8014 192
68.8518 193
68.9022 194
68.9527 195
69.0031 196
69.0535 197
69.104 197
69.1544 198
69.2048 198
69.2553 198
69.3057 199
69.3561 199
69.4066 199
69.457 200
69.5074 200
69.5579 200
69.6083 200
69.6587 200
69.7092 194
69.7596 189
69.81 184
69.8604 180
69.9109 176
69.9613 173
70.0117 170
70.0622 168
70.1126 166
70.163 164
70.2135 162
70.2639 161
70.3143 159
70.3648 158
70.4152 157
70.4656 157
70.5161 156
70.5665 162
70.6169 167
70.6674 171
70.7178 175
70.7682 178
70.8187 181
70.8691 183
70.9195 186
70.97 188
71.0204 189
71.0708 191
71.1212 192
71.1717 193
71.2221 194
71.2725 195
71.323 196
71.3734 197
71.4238 197
71.4743 198
71.5247 198
71.5751 199
71.6256 199
71.676 199
71.7264 200
71.7769 200
71.8273 200
71.8777 200
71.9282 200
71.9786 200
72.029 194
72.0795 189
72.1299 184
72.1803 180
72.2308 176
72.2812 173
72.3316 170
72.382 168
72.4325 166
72.4829 164
72.5333 162
72.5838 161
72.6342 160
72.6846 158
72.7351 158
72.7855 157
72.8359 156
72.8864 162
72.9368 166
72.9872 171
73.0377 175
73.0881 178
73.1385 181
73.189 183
73.2394 186
73.2898 188
73.3403 189
73.3907 191
73.4411 192
73.4916 193
73.542 194
73.5924 195
73.6428 196
73.6933 197
73.7437 197
73.7941 198
73.8446 198
73.895 199
73.9454 199
73.9959 199
74.0463 199
74.0967 200
74.1472 200
74.1976 200
74.248 200
74.2985 200
74.3489 194
74.3993 189
74.4498 184
74.5002 180
74.5506 176
74.6011 173
74.6515 170
74.7019 168
74.7524 166
74.8028 164
74.8532 162
74.9036 161
74.9541 160
75.0045 158
75.0549 157
75.1054 157
75.1558 156
75.2062 162
75.2567 167
75.3071 171
75.3575 175
75.408 178
75.4584 181
75.5088 183
75.5593 186
75.6097 188
75.6601 189
75.7106 191
75.761 192
75.8114 193
75.8619 194
75.9123 195
75.9627 196
76.0132 197
76.0636 197
76.114 198
76.1644 198
76.2149 198
76.2653 199
76.3157 199
76.3662 199
76.4166 200
76.467 200
76.5175 200
76.5679 200
76.6183 200
76.6688 194
76.7192 189
76.7696 184
76.8201 180
76.8705 176
76.9209 173
76.9714 170
77.0218 168
77.0722 166
77.1227 164
77.1731 162
77.2235 161
77.274 160
77.3244 158
77.3748 157
77.4252 157
77.4757 156
77.5261 162
77.5765 167
77.627 171
77.6774 175
77.7278 178
77.7783 181
77.8287 183
77.8791 186
77.9296 188
77.98 189
78.0304 191
78.0809 192
78.1313 193
78.1817 194
78.2322 195
78.2826 196
78.333 197
78.3835 197
78.4339 198
78.4843 198
78.5348 198
78.5852 199
78.6356 199
78.686 199
78.7365 200
78.7869 200
78.8373 200
78.8878 200
78.9382 200
78.9886 194
79.0391 189
79.0895 184
79.1399 180
79.1904 176
79.2408 173
79.2912 170
79.3417 168
79.3921 166
79.4425 164
79.493 162
79.5434 161
79.5938 159
79.6443 158
79.6947 157
79.7451 157
79.7956 156
79.846 161
79.8964 166
79.9468 171
79.9973 175
80.0477 178
80.0981 181
80.1486 183
80.199 186
80.2494 188
80.2999 189
80.3503 191
80.4007 192
80.4512 193
80.5016 194
80.552 195
80.6025 196
80.6529 197
80.7033 197
80.7538 198
80.8042 198
80.8546 198
80.9051 199
80.9555 199
81.0059 199
81.0564 200
81.1068 200
81.1572 200
81.2076 200
81.2581 200
81.3085 194
81.3589 189
81.4094 184
81.4598 180
81.5102 176
81.5607 173
81.6111 170
81.6615 168
81.712 166
81.7624 164
81.8128 162
81.8633 161
81.9137 159
81.9641 158
82.0146 157
82.065 157
82.1154 156
82.1659 161
82.2163 166
82.2667 171
82.3172 175
82.3676 178
82.418 181
82.4684 184
82.5189 186
82.5693 188
82.6197 189
82.6702 191
82.7206 192
82.771 193
82.8215 194
82.8719 195
82.9223 196
82.9728 196
83.0232 197
83.0736 198
83.1241 198
83.1745 199
83.2249 199
83.2754 199
83.3258 199
83.3762 200
83.4267 200
83.4771 200
83.5275 200
83.578 200
83.6284 194
83.6788 189
83.7292 184
83.7797 180
83.8301 176
83.8805 173
83.931 170
83.9814 168
84.0318 166
84.0823 164
84.1327 162
84.1831 161
84.2336 160
84.284 159
84.3344 158
84.3849 157
84.4353 156
84.4857 161
84.5362 166
84.5866 171
84.637 175
84.6875 178
84.7379 181
84.7883 183
84.8388 186
84.8892 188
84.9396 189
84.99 191
85.0405 192
85.0909 193
85.1413 194
85.1918 195
85.2422 196
85.2926 197
85.3431 197
85.3935 198
85.4439 198
85.4944 198
85.5448 199
85.5952 199
85.6457 199
85.6961 200
85.7465 200
85.797 200
85.8474 200
85.8978 200
85.9483 194
85.9987 189
86.0491 184
86.0996 180
86.15 176
86.2004 173
86.2508 170
86.3013 168
86.3517 166
86.4021 164
86.4526 162
86.503 161
86.5534 160
86.6039 158
86.6543 157
86.7047 157
86.7552 156
86.8056 162
86.856 167
86.9065 171
86.9569 175
87.0073 178
87.0578 181
87.1082 183
87.1586 186
87.2091 188
87.2595 189
87.3099 191
87.3604 192
87.4108 193
87.4612 194
87.5116 195
87.5621 196
87.6125 197
87.6629 197
87.7134 198
87.7638 198
87.8142 198
87.8647 199
87.9151 199
87.9655 199
88.016 200
88.0664 200
88.1168 200
88.1673 200
88.2177 200
88.2681 194
88.3186 189
88.369 184
88.4194 180
88.4699 176
88.5203 173
88.5707 170
88.6212 168
88.6716 166
88.722 164
88.7724 162
88.8229 161
88.8733 159
88.9237 158
88.9742 158
89.0246 157
89.075 156
89.1255 162
89.1759 167
89.2263 171
89.2768 175
89.3272 178
89.3776 181
89.4281 183
89.4785 186
89.5289 188
89.5794 189
89.6298 191
89.6802 192
89.7307 193
89.7811 194
89.8315 195
89.882 196
89.9324 197
89.9828 197
90.0332 198
90.0837 198
90.1341 199
90.1845 199
90.235 199
90.2854 199
90.3358 200
90.3863 200
90.4367 200
90.4871 200
90.5376 200
90.588 194
90.6384 189
90.6889 184
90.7393 180
90.7897 176
90.8402 173
90.8906 170
90.941 168
90.9915 166
91.0419 164
91.0923 162
91.1428 161
91.1932 160
91.2436 158
91.294 158
91.3445 157
91.3949 156
91.4453 162
91.4958 166
91.5462 171
91.5966 175
91.6471 178
91.6975 181
91.7479 183
91.7984 186
91.8488 188
91.8992 189
91.9497 191
92.0001 192
92.0505 193
92.101 194
92.1514 195
92.2018 196
92.2523 197
92.3027 197
92.3531 198
92.4036 198
92.454 198
92.5044 199
92.5548 199
92.6053 199
92.6557 200
92.7061 200
92.7566 200
92.807 200
92.8574 200
92.9079 194
92.9583 189
93.0087 184
93.0592 180
93.1096 176
93.16 173
93.2105 170
93.2609 168
93.3113 166
93.3618 164
93.4122 162
93.4626 161
93.5131 160
93.5635 158
93.6139 157
93.6644 157
93.7148 156
93.7652 162
93.8156 167
93.8661 171
93.9165 175
93.9669 178
94.0174 181
94.0678 183
94.1182 186
94.1687 188
94.2191 189
94.2695 191
94.32 192
94.3704 193
94.4208 194
94.4713 195
94.5217 196
94.5721 197
94.6226 197
94.673 198
94.7234 198
94.7739 198
94.8243 199
94.8747 199
94.9252 199
94.9756 200
95.026 200
95.0764 200
95.1269 200
95.1773 200
95.2277 194
95.2782 189
95.3286 184
95.379 180
95.4295 176
95.4799 173
95.5303 170
95.5808 168
95.6312 166
95.6816 164
95.7321 162
95.7825 161
95.8329 160
95.8834 158
95.9338 157
95.9842 157
96.0347 156
96.0851 162
96.1355 167
96.186 171
96.2364 175
96.2868 178
96.3372 181
96.3877 183
96.4381 186
96.4885 188
96.539 189
96.5894 191
96.6398 192
96.6903 193
96.7407 194
96.7911 195
96.8416 196
96.892 197
96.9424 197
96.9929 198
97.0433 198
97.0937 198
97.1442 199
97.1946 199
97.245 199
97.2955 200
97.3459 200
97.3963 200
97.4468 200
97.4972 200
97.5476 194
97.598 189
97.6485 184
97.6989 180
97.7493 176
97.7998 173
97.8502 170
97.9006 168
97.9511 166
98.0015 164
98.0519 162
98.1024 161
98.1528 159
98.2032 158
98.2537 157
98.3041 157
98.3545 156
98.405 161
98.4554 166
98.5058 171
98.5563 175
98.6067 178
98.6571 181
98.7076 183
98.758 186
98.8084 188
98.8588 189
98.9093 191
98.9597 192
99.0101 193
99.0606 194
99.111 195
99.1614 196
99.2119 197
99.2623 197
99.3127 198
99.3632 198
99.4136 199
99.464 199
99.5145 199
99.5649 199
99.6153 200
99.6658 200
99.7162 200
99.7666 200
99.8171 200
99.8675 194
99.9179 189
99.9684 184
100.019 180
100.069 176
100.12 173
100.17 170
100.221 168
100.271 166
100.321 164
100.372 162
100.422 161
100.473 159
100.523 158
100.574 157
100.624 157
100.674 156
100.725 161
100.775 166
100.826 171
100.876 175
100.927 178
100.977 181
101.027 183
101.078 186
101.128 188
101.179 189
101.229 191
101.28 192
101.33 193
101.38 194
101.431 195
101.481 196
101.532 196
101.582 197
101.633 198
101.683 198
101.733 199
101.784 199
101.834 199
101.885 199
101.935 200
101.986 200
102.036 200
102.086 200
102.137 200
102.187 194
102.238 189
102.288 184
102.339 180
102.389 176
102.44 173
102.49 170
102.54 168
102.591 166
102.641 164
102.692 162
102.742 161
102.793 160
102.843 158
102.893 157
102.944 157
102.994 156
103.045 162
103.095 167
103.146 171
103.196 175
103.246 178
103.297 181
103.347 183
103.398 186
103.448 188
103.499 189
103.549 191
103.599 192
103.65 193
103.7 194
103.751 195
103.801 196
103.852 197
103.902 197
103.952 198
104.003 198
104.053 198
104.104 199
104.154 199
104.205 199
104.255 200
104.306 200
104.356 200
104.406 200
104.457 200
104.507 194
104.558 189
104.608 184
104.659 180
104.709 176
104.759 173
104.81 170
104.86 168
104.911 166
104.961 164
105.012 162
105.062 161
105.112 159
105.163 158
105.213 157
105.264 157
105.314 156
105.365 162
105.415 167
105.465 171
105.516 175
105.566 178
105.617 181
105.667 183
105.718 186
105.768 188
105.818 189
105.869 191
105.919 192
105.97 193
106.02 194
106.071 195
106.121 196
106.171 197
106.222 197
106.272 198
106.323 198
106.373 198
106.424 199
106.474 199
106.525 199
106.575 200
106.625 200
106.676 200
106.726 200
106.777 200
106.827 194
106.878 189
106.928 184
106.978 180
107.029 176
107.079 173
107.13 170
107.18 168
107.231 166
107.281 164
107.331 162
107.382 161
107.432 160
107.483 158
107.533 158
107.584 157
107.634 156
107.684 162
107.735 167
107.785 171
107.836 175
107.886 178
107.937 181
107.987 183
108.037 186
108.088 188
108.138 189
108.189 191
108.239 192
108.29 193
108.34 194
108.39 195
108.441 196
108.491 197
108.542 197
108.592 198
108.643 198
108.693 199
108.744 199
108.794 199
108.844 199
108.895 200
108.945 200
108.996 200
109.046 200
109.097 200
109.147 194
109.197 189
109.248 184
109.298 180
109.349 176
109.399 173
109.45 170
109.5 168
109.55 166
109.601 164
109.651 162
109.702 161
109.752 160
109.803 158
109.853 158
109.903 157
109.954 156
110.004 162
110.055 166
110.105 171
110.156 175
110.206 178
110.256 181
110.307 183
110.357 186
110.408 188
110.458 189
110.509 191
110.559 192
110.61 193
110.66 194
110.71 195
110.761 196
110.811 197
110.862 197
110.912 198
110.963 198
111.013 198
111.063 199
111.114 199
111.164 199
111.215 200
111.265 200
111.316 200
111.366 200
111.416 200
111.467 194
111.517 189
111.568 184
111.618 180
111.669 176
111.719 173
111.769 170
111.82 168
111.87 166
111.921 164
111.971 162
112.022 161
112.072 160
112.122 158
112.173 157
112.223 157
112.274 156
112.324 162
112.375 167
112.425 171
112.475 175
112.526 178
112.576 181
112.627 183
112.677 186
112.728 188
112.778 189
112.829 191
112.879 192
112.929 193
112.98 194
113.03 195
113.081 196
113.131 197
113.182 197
113.232 198
113.282 198
113.333 198
113.383 199
113.434 199
113.484 199
113.535 200
113.585 200
113.635 200
113.686 200
113.736 200
113.787 194
113.837 189
113.888 184
113.938 180
113.988 176
114.039 173
114.089 170
114.14 168
114.19 166
114.241 164
114.291 162
114.341 161
114.392 160
114.442 158
114.493 157
114.543 157
114.594 156
114.644 162
114.694 167
114.745 171
114.795 175
114.846 178
114.896 181
114.947 183
114.997 186
115.048 188
115.098 189
115.148 191
115.199 192
115.249 193
115.3 194
115.35 195
115.401 196
115.451 197
115.501 197
115.552 198
115.602 198
115.653 198
115.703 199
115.754 199
115.804 199
115.854 200
115.905 200
115.955 200
116.006 200
116.056 200
116.107 194
116.157 189
116.207 184
116.258 180
116.308 176
116.359 173
116.409 170
116.46 168
116.51 166
116.56 164
116.661 162
116.712 161
116.8 158
116.85 162
116.9 165
116.951 174
117.001 178
117.052 180
117.102 183
117.153 185
117.203 187
117.253 189
117.304 191
117.354 192
117.405 193
117.455 194
117.506 195
117.556 196
117.606 197
117.657 197
117.707 198
117.758 198
117.808 198
117.859 199
117.909 199
117.96 199
118.01 200
118.06 200
118.111 200
118.161 200
118.212 200
118.262 194
118.313 189
118.363 184
118.413 180
118.464 176
118.514 173
118.565 170
118.615 168
118.666 166
118.716 164
118.766 162
118.817 161
118.867 159
118.918 158
118.968 158
119.019 157
119.069 156
119.119 162
119.17 167
119.22 171
119.271 175
119.321 178
119.372 181
119.422 183
119.472 186
119.523 188
119.573 189
119.624 191
119.674 192
119.725 193
119.775 194
119.826 195
119.876 196
119.926 197
119.977 197
120.027 198
120.078 198
120.128 199
120.179 199
120.229 199
120.279 199
120.33 200
120.38 200
120.431 200
120.481 200
120.532 200
120.582 194
120.632 189
120.683 184
120.733 180
120.784 176
120.834 173
120.885 170
120.935 168
120.985 166
121.036 164
121.086 162
121.137 161
121.187 160
121.238 158
121.288 158
121.338 157
121.389 156
121.439 162
121.49 166
121.54 171
121.591 175
121.641 178
121.691 181
121.742 183
121.792 186
121.843 188
121.893 189
121.944 191
121.994 192
122.045 193
122.095 194
122.145 195
122.196 196
122.246 197
122.297 197
122.347 198
122.398 198
122.448 198
122.498 199
122.549 199
122.599 199
122.65 200
122.7 200
122.751 200
122.801 200
122.851 200
122.902 194
122.952 189
123.003 184
123.053 180
123.104 176
123.154 173
123.204 170
123.255 168
123.305 166
123.356 164
123.406 162
123.457 161
123.507 160
123.557 158
123.608 157
123.658 157
123.709 156
123.759 162
123.81 167
123.86 171
123.91 175
123.961 178
124.011 181
124.062 183
124.112 186
124.163 188
124.213 189
124.264 191
124.314 192
124.364 193
124.415 194
124.465 195
124.516 196
124.566 197
124.617 197
124.667 198
124.717 198
124.768 198
124.818 199
124.869 199
124.919 199
124.97 200
125.02 200
125.07 200
125.121 200
125.171 200
125.222 194
125.272 189
125.323 184
125.373 180
125.423 176
125.474 173
125.524 170
125.575 168
125.625 166
125.676 164
125.726 162
125.776 161
125.827 160
125.877 158
125.928 157
125.978 157
126.029 156
126.079 162
126.13 167
126.18 171
126.23 175
126.281 178
126.331 181
126.382 183
126.432 186
126.483 188
126.533 189
126.583 191
126.634 192
126.684 193
126.735 194
126.785 195
126.836 196
126.886 197
126.936 197
126.987 198
127.037 198
127.088 198
127.138 199
127.189 199
127.239 199
127.289 200
127.34 200
127.39 200
127.441 200
127.491 200
127.542 194
127.592 189
127.642 184
127.693 180
127.743 176
127.794 173
127.844 170
127.895 168
127.945 166
127.995 164
128.046 162
128.096 161
128.147 159
128.197 158
128.248 157
128.298 157
128.349 156
128.399 161
128.449 166
128.5 171
128.55 175
128.601 178
128.651 181
128.702 183
128.752 186
128.802 188
128.853 189
128.903 191
128.954 192
129.004 193
129.055 194
129.105 195
129.155 196
129.206 196
129.256 197
129.307 198
129.357 198
129.408 199
129.458 199
129.508 199
129.559 199
129.609 200
129.66 200
129.71 200
129.761 200
129.811 200
129.861 194
129.912 189
129.962 184
130.013 180
130.063 176
130.114 173
130.164 170
130.214 168
130.265 166
130.315 164
130.366 162
130.416 161
130.467 159
130.517 158
130.568 157
130.618 157
130.668 156
130.719 161
130.769 166
130.82 171
130.87 175
130.921 178
130.971 181
131.021 183
131.072 186
131.122 188
131.173 189
131.223 191
131.274 192
131.324 193
131.374 194
131.425 195
131.475 196
131.526 196
131.576 197
131.627 198
131.677 198
131.727 199
131.778 199
131.828 199
131.879 199
131.929 200
131.98 200
132.03 200
132.08 200
132.131 200
132.181 194
132.232 189
132.282 184
132.333 180
132.383 176
132.434 173
132.484 170
132.534 168
132.585 166
132.635 164
132.686 162
132.736 161
132.787 160
132.837 158
132.887 157
132.938 157
132.988 156
133.039 162
133.089 167
133.14 171
133.19 175
133.24 178
133.291 181
133.341 183
133.392 186
133.442 188
133.493 189
133.543 191
133.593 192
133.644 193
133.694 194
133.745 195
133.795 196
133.846 197
133.896 197
133.946 198
133.997 198
134.047 199
134.098 199
134.148 199
134.199 199
134.249 200
134.299 200
134.35 200
134.4 200
134.451 200
134.501 194
134.552 189
134.602 184
134.653 180
134.703 176
134.753 173
134.804 170
134.854 168
134.905 166
134.955 164
135.006 162
135.056 161
135.106 159
135.157 158
135.207 157
135.258 157
135.308 156
135.359 162
135.409 167
135.459 171
135.51 175
135.56 178
135.611 181
135.661 183
135.712 186
135.762 188
135.812 189
135.863 191
135.913 192
135.964 193
136.014 194
136.065 195
136.115 196
136.165 197
136.216 197
136.266 198
136.317 198
136.367 198
136.418 199
136.468 199
136.518 199
136.569 200
136.619 200
136.67 200
136.72 200
136.771 200
136.821 194
136.872 189
136.922 184
136.972 180
137.023 176
137.073 173
137.124 170
137.174 168
137.225 166
137.275 164
137.325 162
137.376 161
137.426 160
137.477 158
137.527 158
137.578 157
137.628 156
137.678 162
137.729 167
137.779 171
137.83 175
137.88 178
137.931 181
137.981 183
138.031 186
138.082 188
138.132 189
138.183 191
138.233 192
138.284 193
138.334 194
138.384 195
138.435 196
138.485 197
138.536 197
138.586 198
138.637 198
138.687 199
138.738 199
138.788 199
138.838 199
138.889 200
138.939 200
138.99 200
139.04 200
139.091 200
139.141 194
139.191 189
139.242 184
139.292 180
139.343 176
139.393 173
139.444 170
139.494 168
139.544 166
139.595 164
139.645 162
139.696 161
139.746 160
139.797 158
139.847 158
139.897 157
139.948 156
139.998 162
140.049 166
140.099 171
140.15 175
140.2 178
140.25 181
140.301 183
140.351 186
140.402 188
140.452 189
140.503 191
140.553 192
140.603 193
140.654 194
140.704 195
140.755 196
140.805 197
140.856 197
140.906 198
140.957 198
141.007 198
141.057 199
141.108 199
141.158 199
141.209 200
141.259 200
141.31 200
141.36 200
141.41 200
141.461 194
141.511 189
141.562 184
141.612 180
141.663 176
141.713 173
141.763 170
141.814 168
141.864 166
141.915 164
141.965 162
142.016 161
142.066 160
142.116 158
142.167 157
142.217 157
142.268 156
142.318 162
142.369 167
142.419 171
142.469 175
142.52 178
142.57 181
142.621 183
142.671 186
142.722 188
142.772 189
142.822 191
142.873 192
142.923 193
142.974 194
143.024 195
143.075 196
143.125 197
143.176 197
143.226 198
143.276 198
143.327 198
143.377 199
143.428 199
143.478 199
143.529 200
143.579 200
143.629 200
143.68 200
143.73 200
143.781 194
143.831 189
143.882 184
143.932 180
143.982 176
144.033 173
144.083 170
144.134 168
144.184 166
144.235 164
144.285 162
144.335 161
144.386 160
144.436 158
144.487 157
144.537 157
144.588 156
144.638 162
144.688 167
144.739 171
144.789 175
144.84 178
144.89 181
144.941 183
144.991 186
145.042 188
145.092 189
145.142 191
145.193 192
145.243 193
145.294 194
145.344 195
145.395 196
145.445 197
145.495 197
145.546 198
145.596 198
145.647 198
145.697 199
145.748 199
145.798 199
145.848 200
145.899 200
145.949 200
146 200
146.05 200
146.101 194
146.151 189
146.201 184
146.252 180
146.302 176
146.353 173
146.403 170
146.454 168
146.504 166
146.554 164
146.605 162
146.655 161
146.706 159
146.756 158
146.807 157
146.857 157
146.907 156
146.958 162
147.008 167
147.059 171
147.109 175
147.16 178
147.21 181
147.261 183
147.311 186
147.361 188
147.412 189
147.462 191
147.513 192
147.563 193
147.614 194
147.664 195
147.714 196
147.765 196
147.815 197
147.866 198
147.916 198
147.967 199
148.017 199
148.067 199
148.118 199
148.168 200
148.219 200
148.269 200
148.32 200
148.37 200
148.42 194
148.471 189
148.521 184
148.572 180
148.622 176
148.673 173
148.723 170
148.773 168
148.824 166
148.874 164
148.925 162
148.975 161
149.026 159
149.076 158
149.126 157
149.177 157
149.227 156
149.278 161
149.328 166
149.379 171
149.429 175
149.48 178
149.53 181
149.58 183
149.631 186
149.681 188
149.732 189
149.782 191
149.833 192
149.883 193
149.933 194
149.984 195
150.034 196
150.085 197
150.135 197
150.186 198
150.236 198
150.286 199
150.337 199
150.387 199
150.438 199
150.488 200
150.539 200
150.589 200
150.639 200
150.69 200
150.74 194
150.791 189
150.841 184
150.892 180
150.942 176
150.992 173
151.043 170
151.093 168
151.144 166
151.194 164
151.245 162
151.295 161
151.346 160
151.396 158
151.446 157
151.497 157
151.547 156
151.598 162
151.648 167
151.699 171
151.749 175
151.799 178
151.85 181
151.9 183
151.951 186
152.001 188
152.052 189
152.102 191
152.152 192
152.203 193
152.253 194
152.304 195
152.354 196
152.405 197
152.455 197
152.505 198
152.556 198
152.606 199
152.657 199
152.707 199
152.758 199
152.808 200
152.858 200
152.909 200
152.959 200
153.01 200
153.06 194
153.111 189
153.161 184
153.211 180
153.262 176
153.312 173
153.363 170
153.413 168
153.464 166
153.514 164
153.565 162
153.615 161
153.665 159
153.716 158
153.766 157
153.817 157
153.867 156
153.918 162
153.968 167
154.018 171
154.069 175
154.119 178
154.17 181
154.22 183
154.271 186
154.321 188
154.371 189
154.422 191
154.472 192
154.523 193
154.573 194
154.624 195
154.674 196
154.724 197
154.775 197
154.825 198
154.876 198
154.926 198
154.977 199
155.027 199
155.077 199
155.128 200
155.178 200
155.229 200
155.279 200
155.33 200
155.38 194
155.43 189
155.481 184
155.531 180
155.582 176
155.632 173
155.683 170
155.733 168
155.784 166
155.834 164
155.884 162
155.935 161
155.985 160
156.036 158
156.086 158
156.137 157
156.187 156
156.237 162
156.288 166
156.338 171
156.389 175
156.439 178
156.49 181
156.54 184
156.59 186
156.641 188
156.691 189
156.742 191
156.792 192
156.843 193
156.893 194
156.943 195
156.994 196
157.044 197
157.095 197
157.145 198
157.196 198
157.246 199
157.296 199
157.347 199
157.397 199
157.448 200
157.498 200
157.549 200
157.599 200
157.65 200
157.7 194
157.75 189
157.851 184
157.902 180
157.989 175
158.04 176
158.09 178
158.141 174
158.191 171
158.242 169
158.292 167
158.343 165
158.393 163
158.443 161
158.494 160
158.544 165
158.595 170
158.645 174
158.696 177
158.746 180
158.796 183
158.847 185
158.897 187
158.948 189
158.998 190
159.049 192
159.099 193
159.149 194
159.2 195
159.25 196
159.301 196
159.351 197
159.402 198
159.452 198
159.502 198
159.553 199
159.603 199
159.654 199
159.704 200
159.755 200
159.805 200
159.855 194
159.906 188
159.956 184
160.007 180
160.057 176
160.108 173
160.158 170
160.208 168
160.259 166
160.309 164
160.36 162
160.41 161
160.461 159
160.511 158
160.562 157
160.612 157
160.662 156
160.713 161
160.763 166
160.814 171
160.864 175
160.915 178
160.965 181
161.015 183
161.066 186
161.116 188
161.167 189
161.217 191
161.268 192
161.318 193
161.368 194
161.419 195
161.469 196
161.52 197
161.57 197
161.621 198
161.671 198
161.721 199
161.772 199
161.822 199
161.873 199
161.923 200
161.974 200
162.024 200
162.074 200
162.125 200
162.175 194
162.226 189
162.276 184
162.327 180
162.377 176
162.427 173
162.478 170
162.528 168
162.579 166
162.629 164
162.68 162
162.73 161
162.781 160
162.831 158
162.881 157
162.932 157
162.982 156
163.033 162
163.083 167
163.134 171
163.184 175
163.234 178
163.285 181
163.335 183
163.386 186
163.436 188
163.487 189
163.537 191
163.587 192
163.638 193
163.688 194
163.789 195
163.84 196
163.902 198
163.953 194
164.003 196
164.053 198
164.104 199
164.154 199
164.205 199
164.255 199
164.306 200
164.356 200
164.407 200
164.457 200
164.507 194
164.558 189
164.608 184
164.659 180
164.709 176
164.986 173
165.037 170
165.1 169
165.15 168
165.213 169
165.263 168
165.326 169
165.376 168
165.439 169
165.489 169
165.552 169
165.602 169
165.665 169
165.715 169
165.766 168
165.816 166
165.866 164
165.917 162
165.967 161
166.018 160
166.068 159
166.119 158
166.169 157
166.219 156
166.27 155
166.32 155
166.371 154
166.421 160
166.472 165
166.522 170
166.572 174
166.623 177
166.673 180
166.724 183
166.774 185
166.825 187
166.875 189
166.925 191
166.976 192
167.026 193
167.077 194
167.127 195
167.178 196
167.228 196
167.278 197
167.329 197
167.379 198
167.43 198
167.48 199
167.531 199
167.581 199
167.631 200
167.682 200
167.732 200
167.783 200
167.833 200
167.884 194
167.934 189
167.985 184
168.035 180
168.085 176
168.136 173
168.186 170
168.237 168
168.287 166
168.338 164
168.388 162
168.438 161
168.489 159
168.539 158
168.59 157
168.64 157
168.691 156
168.741 161
168.791 166
168.842 171
168.892 175
168.943 178
168.993 181
169.044 183
169.094 186
169.144 188
169.195 189
169.245 191
169.296 192
169.346 193
169.397 194
169.447 195
169.497 196
169.548 197
169.598 197
169.649 198
169.699 198
169.75 198
169.8 199
169.851 199
169.901 199
169.951 200
170.002 200
170.052 200
170.103 200
170.153 200
170.204 194
170.254 189
170.304 184
170.355 180
170.405 176
170.456 173
170.506 170
170.557 168
170.607 166
170.657 164
170.708 162
170.758 161
170.809 159
170.859 158
170.91 157
170.96 157
171.01 156
171.061 162
171.111 167
171.162 171
171.212 175
171.263 178
171.313 181
171.363 183
171.414 186
171.464 188
171.515 189
171.565 191
171.616 192
171.666 193
171.716 194
171.767 195
171.817 196
171.868 196
171.918 197
171.969 198
172.019 198
172.07 199
172.12 199
172.17 199
172.221 199
172.271 200
172.322 200
172.372 200
172.423 200
172.473 200
172.523 194
172.574 189
172.624 184
172.675 180
172.725 176
172.776 173
172.826 170
172.876 168
172.927 166
172.977 164
173.028 162
173.078 161
173.129 160
173.179 159
173.229 158
173.28 157
173.33 156
173.381 161
173.431 166
173.482 171
173.532 175
173.582 178
173.633 181
173.683 183
173.734 186
173.784 188
173.835 189
173.885 191
173.935 192
173.986 193
174.036 194
174.087 195
174.137 196
174.188 197
174.238 197
174.289 198
174.339 198
174.389 198
174.44 199
174.49 199
174.541 199
174.591 200
174.642 200
174.692 200
174.742 200
174.793 200
174.843 194
174.894 189
174.944 184
174.995 180
175.045 176
175.095 173
175.146 170
175.196 168
175.247 166
175.297 164
175.348 162
175.398 161
175.448 160
175.499 158
175.549 157
175.6 157
175.65 156
175.701 162
175.751 167
175.801 171
175.852 175
175.953 178
176.003 181
176.066 185
176.116 182
176.167 186
176.217 190
176.268 191
176.318 192
176.368 193
176.419 194
176.469 195
176.52 196
176.57 197
176.621 197
176.671 198
176.721 198
176.772 198
176.822 199
176.873 199
176.923 199
176.974 200
177.024 200
177.074 200
177.125 200
177.175 194
177.226 189
177.276 184
177.327 180
177.377 176
177.427 173
177.478 170
177.528 168
177.579 166
177.629 164
177.68 162
177.73 161
177.78 160
177.831 158
177.881 157
177.932 157
177.982 156
178.033 162
178.083 167
178.134 171
178.184 175
178.234 178
178.285 181
178.335 183
178.386 186
178.436 188
178.487 189
178.537 191
178.587 192
178.638 193
178.688 194
178.739 195
178.789 196
178.84 197
178.89 197
178.94 198
178.991 198
179.041 198
179.092 199
179.142 199
179.193 199
179.243 200
179.293 200
179.344 200
179.394 200
179.445 200
179.495 194
179.546 189
179.596 184
179.646 180
179.697 176
179.747 173
179.798 170
179.848 168
179.899 166
179.949 164
179.999 162
180.05 161
180.1 159
180.151 158
180.201 157
180.252 157
180.302 156
180.353 162
180.403 167
180.453 171
180.504 175
180.554 178
180.605 181
180.655 183
180.706 186
180.756 188
180.806 189
180.857 191
180.907 192
180.958 193
181.008 194
181.059 195
181.109 196
181.159 197
181.21 197
181.26 198
181.311 198
181.361 198
181.412 199
181.462 199
181.512 199
181.563 200
181.613 200
181.664 200
181.714 200
181.765 200
181.815 194
181.865 189
181.916 184
181.966 180
182.017 176
182.067 173
182.118 170
182.168 168
182.219 166
182.269 164
182.319 162
182.37 161
182.42 160
182.471 158
182.521 158
182.572 157
182.622 156
182.698 165
182.95 163
183 161
183.063 162
183.113 162
183.176 163
183.226 163
183.289 165
183.339 165
183.402 166
183.452 166
183.515 167
183.565 166
183.628 167
183.678 167
183.729 166
183.779 164
183.83 163
183.88 161
183.931 160
183.981 159
184.031 158
184.082 157
184.132 156
184.183 155
184.233 155
184.284 154
184.334 154
184.384 160
184.435 165
184.485 170
184.536 174
184.586 177
184.637 180
184.687 183
184.737 185
184.788 187
184.838 189
184.889 190
184.939 192
184.99 193
185.04 194
185.09 195
185.141 196
185.191 196
185.242 197
185.292 197
185.343 198
185.393 198
185.443 199
185.494 199
185.544 199
185.595 199
185.645 200
185.696 200
185.746 200
185.797 200
185.847 194
185.897 189
185.948 184
185.998 180
186.049 176
186.099 173
186.15 170
186.2 168
186.25 166
186.301 164
186.351 162
186.402 161
186.452 160
186.503 158
186.553 157
186.603 157
186.654 156
186.704 162
186.755 167
186.805 171
186.856 175
186.906 178
186.956 181
187.007 183
187.057 186
187.108 188
187.158 189
187.209 191
187.259 192
187.309 193
187.36 194
187.41 195
187.461 196
187.511 197
187.562 197
187.612 198
187.662 198
187.713 198
187.763 199
187.814 199
187.864 199
187.915 200
187.965 200
188.016 200
188.066 200
188.116 200
188.167 194
188.217 189
188.268 184
188.318 180
188.369 176
188.419 173
188.469 170
188.52 168
188.57 166
188.621 164
188.671 162
188.722 161
188.772 160
188.822 158
188.873 157
188.923 157
188.974 156
189.024 162
189.075 167
189.125 171
189.175 175
189.226 178
189.276 181
189.327 183
189.377 186
189.428 188
189.478 189
189.528 191
189.579 192
189.629 193
189.68 194
189.73 195
189.781 196
189.831 197
189.882 197
189.932 198
189.982 198
190.033 198
190.083 199
190.134 199
190.184 199
190.235 200
190.285 200
190.335 200
190.386 200
190.436 200
190.487 194
190.537 189
190.588 184
190.638 180
190.688 176
190.739 173
190.789 170
190.84 168
190.89 166
190.941 164
190.991 162
191.041 161
191.092 160
191.142 158
191.193 157
191.243 157
191.294 156
191.344 162
191.394 167
191.445 171
191.495 175
191.546 178
191.596 181
191.647 183
191.697 186
191.747 188
191.798 189
191.848 191
191.899 192
191.949 193
192 194
192.05 195
192.101 196
192.151 197
192.201 197
192.252 198
192.302 198
192.353 198
192.403 199
192.454 199
192.504 199
192.554 200
192.605 200
192.655 200
192.706 200
192.756 200
192.807 194
192.857 189
192.907 184
192.958 180
193.008 176
193.059 173
193.109 170
193.16 168
193.21 166
193.26 164
193.311 162
193.361 161
193.412 159
193.462 158
193.513 157
193.563 157
193.613 156
193.664 162
193.714 167
193.765 171
193.815 175
193.866 178
193.916 181
193.966 183
194.017 186
194.067 188
194.118 189
194.168 191
194.219 192
194.269 193
194.32 194
194.37 195
194.42 196
194.471 196
194.521 197
194.572 198
194.622 198
194.673 199
194.723 199
194.773 199
194.824 199
194.874 200
194.925 200
194.975 200
195.026 200
195.076 200
195.126 194
195.177 189
195.227 184
195.278 180
195.328 176
195.379 173
195.429 170
195.479 168
195.53 166
195.58 164
195.631 162
195.681 161
195.732 159
195.782 158
195.832 157
195.883 157
195.933 156
195.984 161
196.034 166
196.085 171
196.135 175
196.186 178
196.236 181
196.286 183
196.337 186
196.387 188
196.488 189
196.539 191
196.601 194
196.652 190
196.702 193
196.752 195
196.803 196
196.853 197
196.904 197
196.954 198
197.005 198
197.055 199
197.105 199
197.156 199
197.206 199
197.257 200
197.307 200
197.358 200
197.408 194
197.458 189
197.509 184
197.559 180
197.61 176
197.66 173
197.711 170
197.761 168
197.811 166
197.862 164
197.912 162
197.963 161
198.013 159
198.064 158
198.114 158
198.165 157
198.215 156
198.265 162
198.316 166
198.366 171
198.417 175
198.467 178
198.518 181
198.568 183
198.618 186
198.669 188
198.719 189
198.77 191
198.82 192
198.871 193
198.921 194
198.971 195
199.022 196
199.072 196
199.123 197
199.173 198
199.224 198
199.274 199
199.324 199
199.375 199
199.425 199
199.476 200
199.526 200
199.577 200
199.627 200
199.677 200
199.728 194
199.778 189
199.829 184
199.879 180
199.93 176
199.98 173
200.03 170
200.081 168
200.131 166
200.182 164
200.232 162
200.283 161
200.333 160
200.384 158
200.434 157
200.484 157
200.535 156
200.585 162
200.636 167
200.686 171
200.737 175
200.787 178
200.837 181
200.888 183
200.938 186
200.989 188
201.039 189
201.09 191
201.14 192
201.19 193
201.241 194
201.291 195
201.342 196
201.392 197
201.443 197
201.493 198
201.543 198
201.594 198
201.644 199
201.695 199
201.745 199
201.796 200
201.846 200
201.896 200
201.947 200
201.997 200
202.048 194
202.098 189
202.149 184
202.199 180
202.25 176
202.3 173
202.35 170
202.401 168
202.451 166
202.502 164
202.552 162
202.603 161
202.653 160
202.703 158
202.754 157
202.804 157
202.855 156
202.905 162
202.956 167
203.006 171
203.056 175
203.107 178
203.157 181
203.208 183
203.258 186
203.309 188
203.359 189
203.409 191
203.46 192
203.51 193
203.561 194
203.611 195
203.662 196
203.712 197
203.762 197
203.813 198
203.863 198
203.914 198
203.964 199
204.015 199
204.065 199
204.115 200
204.166 200
204.216 200
204.267 200
204.317 200
204.368 194
204.418 189
204.469 184
204.519 180
204.569 176
204.62 173
204.67 170
204.721 168
204.771 166
204.822 164
204.872 162
204.922 161
204.973 159
205.023 158
205.074 157
205.124 157
205.175 156
205.225 161
205.275 166
205.326 171
205.376 175
205.427 178
205.477 181
205.528 183
205.578 186
205.628 188
205.679 189
205.729 191
205.78 192
205.83 193
205.881 194
205.931 195
205.981 196
206.032 197
206.082 197
206.133 198
206.183 198
206.234 198
206.284 199
206.334 199
206.385 199
206.435 200
206.486 200
206.536 200
206.587 200
206.637 200
206.688 194
206.738 189
206.788 184
206.839 180
206.889 176
206.94 173
206.99 170
207.041 168
207.091 166
207.141 164
207.192 162
207.242 161
207.293 159
207.343 158
207.394 157
207.444 157
207.494 156
207.545 162
207.595 167
207.646 171
207.696 175
207.747 178
207.797 181
207.847 183
207.898 186
207.948 188
207.999 189
208.049 191
208.1 192
208.15 193
208.2 194
208.251 195
208.301 196
208.352 196
208.402 197
208.453 198
208.503 198
208.554 199
208.604 199
208.654 199
208.705 199
208.755 200
208.806 200
208.856 200
208.907 200
208.957 200
209.007 194
209.058 189
209.108 184
209.159 180
209.209 176
209.26 173
209.31 170
209.36 168
209.411 166
209.461 164
209.512 162
209.562 161
209.613 160
209.663 159
209.713 158
209.764 157
209.814 156
209.865 161
209.915 166
209.966 171
210.016 175
210.066 178
210.117 181
210.167 183
210.218 186
210.268 188
210.319 189
210.369 191
210.419 192
210.47 193
210.52 194
210.571 195
210.621 196
210.672 197
210.722 197
210.773 198
210.823 198
210.873 198
210.924 199
210.974 199
211.025 199
211.075 200
211.126 200
211.176 200
211.226 200
211.277 200
211.327 194
211.378 189
211.428 184
211.479 180
211.529 176
211.579 173
211.63 170
211.68 168
211.731 166
211.781 164
211.832 162
211.882 161
211.932 160
211.983 158
212.033 157
212.084 157
212.134 156
212.185 162
212.235 167
212.285 171
212.336 175
212.386 178
212.437 181
212.487 183
212.538 186
212.588 188
212.638 189
212.689 191
212.739 192
212.79 193
212.84 194
212.891 195
212.941 196
212.992 197
213.042 197
213.092 198
213.143 198
213.193 198
213.244 199
213.294 199
213.345 199
213.395 200
213.445 200
213.496 200
213.546 200
213.597 200
213.647 194
213.698 189
213.748 184
213.798 180
213.849 176
213.899 173
213.95 170
214 168
214.051 166
214.101 164
214.151 162
214.202 161
214.252 159
214.303 158
214.353 157
214.404 157
214.454 156
214.504 162
214.555 167
214.605 171
214.656 175
214.706 178
214.757 181
214.807 183
214.858 186
214.908 188
214.958 189
215.009 191
215.059 192
215.11 193
215.16 194
215.211 195
215.261 196
215.311 197
215.362 197
215.412 198
215.463 198
215.513 199
215.564 199
215.614 199
215.664 199
215.715 200
215.765 200
215.816 200
215.866 200
215.917 200
215.967 194
216.017 189
216.068 184
216.118 180
216.169 176
216.219 173
216.27 170
216.32 168
216.37 166
216.421 164
216.471 162
216.522 161
216.799 159
216.85 158
216.912 159
216.963 159
217.025 161
217.076 161
217.138 163
217.189 163
217.251 165
217.302 164
217.364 166
217.415 165
217.477 167
217.528 166
217.578 166
217.629 164
217.679 162
217.729 161
217.78 160
217.83 158
217.881 157
217.931 157
217.982 156
218.032 155
218.082 155
218.133 154
218.183 154
218.234 160
218.284 165
218.335 169
218.385 173
218.436 177
218.486 180
218.536 183
218.587 185
218.637 187
218.688 189
218.738 190
218.789 192
218.839 193
218.889 194
218.94 195
218.99 196
219.041 196
219.091 197
219.142 198
219.192 198
219.242 198
219.293 199
219.343 199
219.394 199
219.444 200
219.495 200
219.545 200
219.595 200
219.646 200
219.696 194
219.747 189
219.797 184
219.848 180
219.898 176
219.948 173
219.999 170
220.049 168
220.1 166
220.15 164
220.201 162
220.251 161
220.302 160
220.352 158
220.402 157
220.453 157
220.503 156
220.554 162
220.604 167
220.655 171
220.705 175
220.755 178
220.806 181
220.856 183
220.907 186
220.957 188
221.008 189
221.058 191
221.108 192
221.159 193
221.209 194
221.26 195
221.31 196
221.361 197
221.411 197
221.461 198
221.512 198
221.562 199
221.613 199
221.663 199
221.714 199
221.764 200
221.814 200
221.865 200
221.915 200
221.966 200
222.016 194
222.067 189
222.117 184
222.167 180
222.218 176
222.268 173
222.319 170
222.369 168
222.42 166
222.47 164
222.521 162
222.571 161
222.621 159
222.672 158
222.722 157
222.773 157
222.823 156
222.874 162
222.924 167
222.974 171
223.025 175
223.075 178
223.126 181
223.176 183
223.227 186
223.277 188
223.327 189
223.378 191
223.428 192
223.479 193
223.529 194
223.58 195
223.63 196
223.68 197
223.731 197
223.781 198
223.832 198
223.882 198
223.933 199
223.983 199
224.033 199
224.084 200
224.134 200
224.185 200
224.235 200
224.286 200
224.336 194
224.386 189
224.437 184
224.487 180
224.538 176
224.588 173
224.639 170
224.689 168
224.74 166
224.79 164
224.84 162
224.891 161
224.941 160
224.992 158
225.042 158
225.093 157
225.143 156
225.193 162
225.244 166
225.294 171
225.345 175
225.395 178
225.446 181
225.496 183
225.546 186
225.597 188
225.647 189
225.698 191
225.748 192
225.799 193
225.849 194
225.899 195
225.95 196
226 197
226.051 197
226.101 198
226.152 198
226.202 199
226.252 199
226.303 199
226.353 199
226.404 200
226.454 200
226.505 200
226.555 200
226.606 200
226.656 194
226.706 189
226.757 184
226.807 180
226.858 176
226.908 173
226.959 170
227.009 168
227.059 166
227.11 164
227.16 162
227.211 161
227.261 160
227.312 158
227.362 157
227.412 157
227.463 156
227.513 162
227.564 167
227.614 171
227.665 175
227.715 178
227.765 181
227.816 183
227.866 186
227.917 188
227.967 189
228.018 191
228.068 192
228.118 193
228.169 194
228.219 195
228.27 196
228.32 197
228.371 197
228.421 198
228.471 198
228.522 198
228.572 199
228.623 199
228.673 199
228.724 200
228.774 200
228.825 200
228.875 200
228.925 200
228.976 194
229.026 189
229.077 184
229.127 180
229.178 176
229.228 173
229.278 170
229.329 168
229.379 166
229.43 164
229.48 162
229.531 161
229.581 160
229.631 158
229.682 157
229.732 157
229.783 156
229.833 162
229.884 167
229.934 171
229.984 175
230.035 178
230.085 181
230.136 183
230.186 186
230.237 188
230.287 189
230.337 191
230.388 192
230.438 193
230.489 194
230.539 195
230.59 196
230.64 197
230.69 197
230.741 198
230.791 198
230.842 198
230.892 199
230.943 199
230.993 199
231.044 200
231.094 200
231.144 200
231.195 200
231.245 200
231.296 194
231.346 189
231.397 184
231.447 180
231.497 176
231.548 173
231.598 170
231.649 168
231.699 166
231.75 164
231.8 162
231.85 161
231.901 159
231.951 158
232.002 157
232.052 157
232.103 156
232.153 162
232.203 167
232.254 171
232.304 175
232.355 178
232.405 181
232.456 183
232.506 186
232.556 188
232.607 189
232.657 191
232.708 192
232.758 193
232.809 194
232.859 195
232.91 196
232.96 197
233.01 197
233.061 198
233.111 198
233.162 198
233.212 199
233.263 199
233.313 199
233.363 200
233.414 200
233.464 200
233.515 200
233.565 200
233.616 194
233.666 189
233.716 184
233.767 180
233.817 176
233.868 173
233.918 170
233.969 168
234.019 166
234.069 164
234.12 162
234.17 161
234.221 159
234.271 158
234.322 157
234.372 157
234.422 156
234.473 162
234.523 167
234.574 171
234.624 175
234.675 178
234.725 181
234.775 183
234.826 186
234.876 188
234.927 189
234.977 191
235.028 192
235.078 193
235.129 194
235.179 195
235.229 196
235.28 196
235.33 197
235.381 198
235.431 198
235.482 199
235.532 199
235.582 199
235.633 199
235.683 200
235.734 200
235.784 200
235.835 200
235.885 200
235.935 194
235.986 189
236.036 184
236.087 180
236.137 176
236.188 173
236.238 170
236.288 168
236.339 166
236.389 164
236.44 162
236.49 161
236.541 160
236.591 159
236.641 158
236.692 157
236.742 156
236.793 161
236.843 166
236.894 171
236.944 175
236.994 178
237.045 181
237.095 183
237.146 186
237.196 188
237.247 189
237.297 191
237.348 192
237.398 193
237.448 194
237.499 195
237.549 196
237.6 197
