120.198 3741
120.198 4081
120.248 4421
120.248 4761
120.248 5101
120.248 5441
120.299 5781
120.299 6121
120.299 6461
120.299 6801
120.349 7141
120.349 7481
120.349 7821
120.349 8161
120.399 8501
120.399 8841
120.399 9181
120.399 9521
120.45 9861
120.45 10201
120.45 10541
120.45 10881
120.5 11221
120.5 11561
120.5 11901
120.5 12241
120.551 12581
120.551 12921
120.551 13261
120.601 13601
120.601 13941
120.652 14281
120.652 14621
120.702 14961
120.702 15301
120.752 15641
120.752 15981
120.803 16321
120.803 16661
120.853 17001
120.853 17341
120.904 17681
120.904 18021
120.954 18361
120.954 18701
121.005 19041
121.005 19381
121.055 19721
121.055 20061
121.105 20401
121.105 20741
121.156 21081
121.156 21421
121.206 21761
121.206 22101
121.257 22441
121.257 22781
121.307 23121
121.307 23461
121.358 23801
121.358 24141
121.408 24481
121.408 24821
121.458 25161
121.458 25501
121.509 25841
121.509 26181
121.559 26521
121.559 26861
121.61 27201
121.61 27541
121.66 27881
121.66 28221
121.711 28561
121.711 28901
121.761 29241
121.761 29581
121.811 29921
121.811 30261
121.862 30601
121.862 30941
121.912 31281
121.912 31621
121.963 31961
121.963 32301
122.013 32641
122.013 32981
122.064 33321
122.064 33661
122.114 34001
122.114 34341
122.164 34681
122.164 35021
122.215 35361
122.215 35701
122.265 36041
122.265 36381
122.316 36721
122.316 37061
122.366 37401
122.366 37741
122.417 38081
122.417 38421
122.467 38761
122.467 39101
122.518 39441
122.518 39781
122.568 40121
122.568 40461
122.618 40801
122.618 41141
122.669 41481
122.669 41821
122.719 42161
122.719 42501
122.77 42841
122.77 43181
122.82 43521
122.82 43861
122.871 44201
122.871 44541
122.921 44881
122.921 45221
122.971 45561
122.971 45901
123.022 46241
123.022 46581
123.072 46921
123.072 47261
123.123 47601
123.123 47941
123.173 48281
123.173 48621
123.224 48961
123.224 49301
123.274 49641
123.274 49981
123.324 50321
123.324 50661
123.375 51001
123.375 51341
123.425 51681
123.425 52021
123.476 52361
123.476 52701
123.526 53041
123.526 53381
123.577 53721
123.577 54061
123.627 54401
123.627 54741
123.677 55081
123.677 55421
123.728 55761
123.728 56101
123.778 56441
123.778 56781
123.829 57121
123.829 57461
123.879 57801
123.879 58141
123.93 58481
123.93 58821
123.98 59161
123.98 59501
124.03 59841
124.03 60181
124.081 60521
124.081 60861
124.131 61201
124.131 61541
124.182 61881
124.182 62221
124.232 62561
124.232 62901
124.283 63241
124.283 63581
124.333 63921
124.333 64261
124.383 64601
124.383 64941
124.434 65281
124.434 65621
124.484 65961
124.484 66301
124.535 66641
124.535 66981
124.585 67321
124.585 67661
124.636 68001
124.636 68341
124.686 68681
124.686 69021
124.737 69361
124.737 69701
124.787 70041
124.787 70381
124.837 70721
124.837 71061
124.888 71401
124.888 71741
124.938 72081
124.938 72421
124.989 72761
124.989 73101
125.039 73441
125.039 73781
125.09 74121
125.09 74461
125.14 74801
125.14 75141
125.19 75481
125.19 75821
125.241 76161
125.241 76501
125.291 76841
125.291 77181
125.342 77521
125.342 77861
125.392 78201
125.392 78541
125.443 78881
125.443 79221
125.493 79561
125.493 79901
125.543 80241
125.543 80581
125.594 80921
125.594 81261
125.644 81601
125.644 81941
125.695 82281
125.695 82621
125.745 82961
125.745 83301
125.796 83641
125.796 83981
125.846 84321
125.846 84661
125.896 85001
125.896 85341
125.947 85681
125.947 86021
125.997 86361
125.997 86701
126.048 87041
126.048 87381
126.098 87721
126.098 88061
126.149 88401
126.149 88741
126.199 89081
126.199 89421
126.249 89761
126.249 90101
126.3 90441
126.3 90781
126.35 91121
126.35 91461
126.401 91801
126.401 92141
126.451 92481
126.451 92821
126.502 93161
126.502 93501
126.552 93841
126.552 94181
126.603 94521
126.603 94861
126.653 95201
126.653 95541
126.703 95881
126.703 96221
126.754 96561
126.754 96901
126.804 97241
126.804 97581
126.855 97921
126.855 98261
126.905 98601
126.905 98941
126.956 99281
126.956 99621
127.006 99961
127.006 100301
127.056 100641
127.056 100981
127.107 101321
127.107 101661
127.157 102001
127.157 102341
127.208 102681
127.208 103021
127.258 103361
127.258 103701
127.309 104041
127.309 104381
127.359 104721
127.359 105061
127.409 105401
127.409 105741
127.46 106081
127.46 106421
127.51 106761
127.51 107101
127.561 107441
127.561 107781
127.611 108121
127.611 108461
127.662 108801
127.662 109141
127.712 109481
127.712 109821
127.762 110161
127.762 110501
127.813 110841
127.813 111181
127.863 111521
127.863 111861
127.914 112201
127.914 112541
127.964 112881
127.964 113221
128.015 113561
128.015 113901
128.065 114241
128.065 114581
128.115 114921
128.115 115261
128.166 115601
128.166 115941
128.216 116281
128.216 116621
128.267 116961
128.267 117301
128.317 117641
128.317 117981
128.368 118321
128.368 118661
128.418 119001
128.418 119341
128.468 119681
128.468 120021
128.519 120361
128.519 120701
128.569 121041
128.569 121381
128.62 121721
128.62 122061
128.67 122401
128.67 122741
128.721 123081
128.721 123421
128.771 123761
128.771 124101
128.822 124441
128.822 124781
128.872 125121
128.872 125461
128.922 125801
128.922 126141
128.973 126481
128.973 126821
129.023 127161
129.023 127501
129.074 127841
129.074 128181
129.124 128521
129.124 128861
129.175 129201
129.175 129541
129.225 129881
129.225 130221
129.275 130561
129.275 130901
129.326 131241
129.326 131581
129.376 131921
129.376 132261
129.427 132601
129.427 132941
129.477 133281
129.477 133621
129.528 133961
129.528 134301
129.578 134641
129.578 134981
129.628 135321
129.628 135661
129.679 136001
129.679 136341
129.729 136681
129.729 137021
129.78 137361
129.78 137701
129.83 138041
129.83 138381
129.881 138721
129.881 139061
129.931 139401
129.931 139741
129.981 140081
129.981 140421
130.032 140761
130.032 141101
130.082 141441
130.082 141781
130.133 142121
130.133 142461
130.183 142801
130.183 143141
130.234 143481
130.234 143821
130.284 144161
130.284 144501
130.334 144841
130.334 145181
130.385 145521
130.385 145861
130.435 146201
130.435 146541
130.486 146881
130.486 147221
130.536 147561
130.536 147901
130.587 148241
130.587 148581
130.637 148921
130.637 149261
130.687 149601
130.687 149941
130.738 150281
130.738 150621
130.788 150961
130.788 151301
130.839 151641
130.839 151981
130.889 152321
130.889 152661
130.94 153001
130.94 153341
130.99 153681
130.99 154021
131.041 154361
131.041 154701
131.091 155041
131.091 155381
131.141 155721
131.141 156061
131.192 156401
131.192 156741
131.242 157081
131.242 157421
131.293 157761
131.293 158101
131.343 158441
131.343 158781
131.394 159121
131.394 159461
131.444 159801
131.444 160141
131.494 160481
131.494 160821
131.545 161161
131.545 161501
131.595 161841
131.595 162181
131.646 162521
131.646 162861
131.696 163201
131.696 163541
131.747 163881
131.747 164221
131.797 164561
131.797 164901
131.847 165241
131.847 165581
131.898 165921
131.898 166261
131.948 166601
131.948 166941
131.999 167281
131.999 167621
132.049 167961
132.049 168301
132.1 168641
132.1 168981
132.15 169321
132.15 169661
132.2 170001
132.2 170341
132.251 170681
132.251 171021
132.301 171361
132.301 171701
132.352 172041
132.352 172381
132.402 172721
132.402 173061
132.453 173401
132.453 173741
132.503 174081
132.503 174421
132.553 174761
132.553 175101
132.604 175441
132.604 175781
132.654 176121
132.654 176461
132.705 176801
132.705 177141
132.755 177481
132.755 177821
132.806 178161
132.806 178501
132.856 178841
132.856 179181
132.907 179521
132.907 179861
132.957 180201
132.957 180541
133.007 180881
133.007 181221
133.058 181561
133.058 181901
133.108 182241
133.108 182581
133.159 182921
133.159 183261
133.209 183601
133.209 183941
133.26 184281
133.26 184621
133.31 184961
133.31 185301
133.36 185641
133.36 185981
133.411 186321
133.411 186661
133.461 187001
133.461 187341
133.512 187681
133.512 188021
133.562 188361
133.562 188701
133.613 189041
133.613 189381
133.663 189721
133.663 190061
133.713 190401
133.713 190741
133.764 191081
133.764 191421
133.814 191761
133.814 192101
133.865 192441
133.865 192781
133.915 193121
133.915 193461
133.966 193801
133.966 194141
134.016 194481
134.016 194821
134.066 195161
134.066 195501
134.117 195841
134.117 196181
134.167 196521
134.167 196861
134.218 197201
134.218 197541
134.268 197881
134.268 198221
134.319 198561
134.319 198901
134.369 199241
134.369 199581
134.419 199921
134.419 200261
134.47 200601
134.47 200941
134.52 201281
134.52 201621
134.571 201961
134.571 202301
134.621 202641
134.621 202981
134.672 203321
134.672 203661
134.722 204001
134.722 204341
134.772 204681
134.772 205021
134.823 205361
134.823 205701
134.873 206041
134.873 206381
134.924 206721
134.924 207061
134.974 207401
134.974 207741
135.025 208081
135.025 208421
135.075 208761
135.075 209101
135.126 209441
135.126 209781
135.176 210121
135.176 210461
135.226 210801
135.226 211141
135.277 211481
135.277 211821
135.327 212161
135.327 212501
135.378 212841
135.378 213181
135.428 213521
135.428 213861
135.479 214201
135.479 214541
135.529 214881
135.529 215221
135.579 215561
135.579 215901
135.63 216241
135.63 216581
135.68 216921
135.68 217261
135.731 217601
135.731 217941
135.781 218281
135.781 218621
135.832 218961
135.832 219301
135.882 219641
135.882 219981
135.932 220321
135.932 220661
135.983 221001
135.983 221341
136.033 221681
136.033 222021
136.084 222361
136.084 222701
136.134 223041
136.134 223381
136.185 223721
136.185 224061
136.235 224401
136.235 224741
136.285 225081
136.285 225421
136.336 225761
136.336 226101
136.386 226441
136.386 226781
136.437 227121
136.437 227461
136.487 227801
136.487 228141
136.538 228481
136.538 228821
136.588 229161
136.588 229501
136.638 229841
136.638 230181
136.689 230521
136.689 230861
136.739 231201
136.739 231541
136.79 231881
136.79 232221
136.84 232561
136.84 232901
136.891 233241
136.891 233581
136.941 233921
136.941 234261
136.991 234601
136.991 234941
137.042 235281
137.042 235621
137.092 235961
137.092 236301
137.143 236641
137.143 236981
137.193 237321
137.193 237661
137.244 238001
137.244 238341
137.294 238681
137.294 239021
137.345 239361
137.345 239701
137.395 240041
137.395 240381
137.445 240721
137.445 241061
137.496 241401
137.496 241741
137.546 242081
137.546 242421
137.597 242761
137.597 243101
137.647 243441
137.647 243781
137.698 244121
137.698 244461
137.748 244801
137.748 245141
137.798 245481
137.798 245821
137.849 246161
137.849 246501
137.899 246841
137.899 247181
137.95 247521
137.95 247861
138 248201
138 248541
138.051 248881
138.051 249221
138.101 249561
138.101 249901
138.151 250241
138.151 250581
138.202 250921
138.202 251261
138.252 251601
138.252 251941
138.303 252281
138.303 252621
138.353 252961
138.353 253301
138.404 253641
138.404 253981
138.454 254321
138.454 254661
138.504 255001
138.504 255341
138.555 255681
138.555 256021
138.605 256361
138.605 256701
138.656 257041
138.656 257381
138.706 257721
138.706 258061
138.757 258401
138.757 258741
138.807 259081
138.807 259421
138.857 259761
138.857 260101
138.908 260441
138.908 260781
138.958 261121
138.958 261461
139.009 261801
139.009 262141
139.059 262481
139.059 262821
139.11 263161
139.11 263501
139.16 263841
139.16 264181
139.211 264521
139.211 264861
139.261 265201
139.261 265541
139.311 265881
139.311 266221
139.362 266561
139.362 266901
139.412 267241
139.412 267581
139.463 267921
139.463 268261
139.513 268601
139.513 268941
139.564 269281
139.564 269621
139.614 269961
139.614 270301
139.664 270641
139.664 270981
139.715 271321
139.715 271661
139.765 272001
139.765 272341
139.816 272681
139.816 273021
139.866 273361
139.866 273701
139.917 274041
139.917 274381
139.967 274721
139.967 275061
140.017 275401
140.017 275741
140.068 276081
140.068 276421
140.118 276761
140.118 277101
140.169 277441
140.169 277781
140.219 278121
140.219 278461
140.27 278801
140.27 279141
140.32 279481
140.32 279821
140.37 280161
140.37 280501
140.421 280841
140.421 281181
140.471 281521
140.471 281861
140.522 282201
140.522 282541
140.572 282881
140.572 283221
140.623 283561
140.623 283901
140.673 284241
140.673 284581
140.723 284921
140.723 285261
140.774 285601
140.774 285941
140.824 286281
140.824 286621
140.875 286961
140.875 287301
140.925 287641
140.925 287981
140.976 288321
140.976 288661
141.026 289001
141.026 289341
141.076 289681
141.076 290021
141.127 290361
141.127 290701
141.177 291041
141.177 291381
141.228 291721
141.228 292061
141.278 292401
141.278 292741
141.329 293081
141.329 293421
141.379 293761
141.379 294101
141.43 294441
141.43 294781
141.48 295121
141.48 295461
141.53 295801
141.53 296141
141.581 296481
141.581 296821
141.631 297161
141.631 297501
141.682 297841
141.682 298181
141.732 298521
141.732 298861
141.783 299201
141.783 299541
141.833 299881
141.833 300221
141.883 300561
141.883 300901
141.934 301241
141.934 301581
141.984 301921
141.984 302261
142.035 302601
142.035 302941
142.085 303281
142.085 303621
142.136 303961
142.136 304301
142.186 304641
142.186 304981
142.236 305321
142.236 305661
142.287 306001
142.287 306341
142.337 306681
142.337 307021
142.388 307361
142.388 307701
142.438 308041
142.438 308381
142.489 308721
142.489 309061
142.539 309401
142.539 309741
142.589 310081
142.589 310421
142.64 310761
142.64 311101
142.69 311441
142.69 311781
142.741 312121
142.741 312461
142.791 312801
142.791 313141
142.842 313481
142.842 313821
142.892 314161
142.892 314501
142.942 314841
142.942 315181
142.993 315521
142.993 315861
143.043 316201
143.043 316541
143.094 316881
143.094 317221
143.144 317561
143.144 317901
143.195 318241
143.195 318581
143.245 318921
143.245 319261
143.295 319601
143.295 319941
143.346 320281
143.346 320621
143.396 320961
143.396 321301
143.447 321641
143.447 321981
143.497 322321
143.497 322661
143.548 323001
143.548 323341
143.598 323681
143.598 324021
143.649 324361
143.649 324701
143.699 325041
143.699 325381
143.749 325721
143.749 326061
143.8 326401
143.8 326741
143.85 327081
143.85 327421
143.901 327761
143.901 328101
143.951 328441
143.951 328781
144.002 329121
144.002 329461
144.052 329801
144.052 330141
144.102 330481
144.102 330821
144.153 331161
144.153 331501
144.203 331841
144.203 332181
144.254 332521
144.254 332861
144.304 333201
144.304 333541
144.355 333881
144.355 334221
144.405 334561
144.405 334901
144.455 335241
144.455 335581
144.506 335921
144.506 336261
144.556 336601
144.556 336941
144.607 337281
144.607 337621
144.657 337961
144.657 338301
144.708 338641
144.708 338981
144.758 339321
144.758 339661
144.808 340001
144.808 340341
144.859 340681
144.859 341021
144.909 341361
144.909 341701
144.96 342041
144.96 342381
145.01 342721
145.01 343061
145.061 343401
145.061 343741
145.111 344081
145.111 344421
145.161 344761
145.161 345101
145.212 345441
145.212 345781
145.262 346121
145.262 346461
145.313 346801
145.313 347141
145.363 347481
145.363 347821
145.414 348161
145.414 348501
145.464 348841
145.464 349181
145.515 349521
145.515 349861
145.565 350201
145.565 350541
145.615 350881
145.615 351221
145.666 351561
145.666 351901
145.716 352241
145.716 352581
145.767 352921
145.767 353261
145.817 353601
145.817 353941
145.868 354281
145.868 354621
145.918 354961
145.918 355301
145.968 355641
145.968 355981
146.019 356321
146.019 356661
146.069 357001
146.069 357341
146.12 357681
146.12 358021
146.17 358361
146.17 358701
146.221 359041
146.221 359381
146.271 359721
146.271 360061
146.321 360401
146.321 360741
146.372 361081
146.372 361421
146.422 361761
146.422 362101
146.473 362441
146.473 362781
146.523 363121
146.523 363461
146.574 363801
146.574 364141
146.624 364481
146.624 364821
146.674 365161
146.674 365501
146.725 365841
146.725 366181
146.775 366521
146.775 366861
146.826 367201
146.826 367541
146.876 367881
146.876 368221
146.927 368561
146.927 368901
146.977 369241
146.977 369581
147.027 369921
147.027 370261
147.078 370601
147.078 370941
147.128 371281
147.128 371621
147.179 371961
147.179 372301
147.229 372641
147.229 372981
147.28 373321
147.28 373661
147.33 374001
147.33 374341
147.38 374681
147.38 375021
147.431 375361
147.431 375701
147.481 376041
147.481 376381
147.532 376721
147.532 377061
147.582 377401
147.582 377741
147.633 378081
147.633 378421
147.683 378761
147.683 379101
147.734 379441
147.734 379781
147.784 380121
147.784 380461
147.834 380801
147.834 381141
147.885 381481
147.885 381821
147.935 382161
147.935 382501
147.986 382841
147.986 383181
148.036 383521
148.036 383861
148.087 384201
148.087 384541
148.137 384881
148.137 385221
148.187 385561
148.187 385901
148.238 386241
148.238 386581
148.288 386921
148.288 387261
148.339 387601
148.339 387941
148.389 388281
148.389 388621
148.44 388961
148.44 389301
148.49 389641
148.49 389981
148.54 390321
148.54 390661
148.591 391001
148.591 391341
148.641 391681
148.641 392021
148.692 392361
148.692 392701
148.742 393041
148.742 393381
148.793 393721
148.793 394061
148.843 394401
148.843 394741
148.893 395081
148.893 395421
148.944 395761
148.944 396101
148.994 396441
148.994 396781
149.045 397121
149.045 397461
149.095 397801
149.095 398141
149.146 398481
149.146 398821
149.196 399161
149.196 399501
149.246 399841
149.246 400181
149.297 400521
149.297 400861
149.347 401201
149.347 401541
149.398 401881
149.398 402221
149.448 402561
149.448 402901
149.499 403241
149.499 403581
149.549 403921
149.549 404261
149.599 404601
149.599 404941
149.65 405281
149.65 405621
149.7 405961
149.7 406301
149.751 406641
149.751 406981
149.801 407321
149.801 407661
149.852 408001
149.852 408341
149.902 408681
149.902 409021
149.953 409361
149.953 409701
150.003 410041
150.003 410381
150.053 410721
150.053 411061
150.104 411401
150.104 411741
150.154 412081
150.154 412421
150.205 412761
150.205 413101
150.255 413441
150.255 413781
150.306 414121
150.306 414461
150.356 414801
150.356 415141
150.406 415481
150.406 415821
150.457 416161
150.457 416501
150.507 416841
150.507 417181
150.558 417521
150.558 417861
150.608 418201
150.608 418541
150.659 418881
150.659 419221
150.709 419561
150.709 419901
150.759 420241
150.759 420581
150.81 420921
150.81 421261
150.86 421601
150.86 421941
150.911 422281
150.911 422621
150.961 422961
150.961 423301
151.012 423641
151.012 423981
151.062 424321
151.062 424661
151.112 425001
151.112 425341
151.163 425681
151.163 426021
151.213 426361
151.213 426701
151.264 427041
151.264 427381
151.314 427721
151.314 428061
151.365 428401
151.365 428741
151.415 429081
151.415 429421
151.465 429761
151.465 430101
151.516 430441
151.516 430781
151.566 431121
151.566 431461
151.617 431801
151.617 432141
151.667 432481
151.667 432821
151.718 433161
151.718 433501
151.768 433841
151.768 434181
151.819 434521
151.819 434861
151.869 435201
151.869 435541
151.919 435881
151.919 436221
151.97 436561
151.97 436901
152.02 437241
152.02 437581
152.071 437921
152.071 438261
152.121 438601
152.121 438941
152.172 439281
152.172 439621
152.222 439961
152.222 440301
152.272 440641
152.272 440981
152.323 441321
152.323 441661
152.373 442001
152.373 442341
152.424 442681
152.424 443021
152.474 443361
152.474 443701
152.525 444041
152.525 444381
152.575 444721
152.575 445061
152.625 445401
152.625 445741
152.676 446081
152.676 446421
152.726 446761
152.726 447101
152.777 447441
152.777 447781
152.827 448121
152.827 448461
152.878 448801
152.878 449141
152.928 449481
152.928 449821
152.978 450161
152.978 450501
153.029 450841
153.029 451181
153.079 451521
153.079 451861
153.13 452201
153.13 452541
153.18 452881
153.18 453221
153.231 453561
153.231 453901
153.281 454241
153.281 454581
153.331 454921
153.331 455261
153.382 455601
153.382 455941
153.432 456281
153.432 456621
153.483 456961
153.483 457301
153.533 457641
153.533 457981
153.584 458321
153.584 458661
153.634 459001
153.634 459341
153.684 459681
153.684 460021
153.735 460361
153.735 460701
153.785 461041
153.785 461381
153.836 461721
153.836 462061
153.886 462401
153.886 462741
153.937 463081
153.937 463421
153.987 463761
153.987 464101
154.038 464441
154.038 464781
154.088 465121
154.088 465461
154.138 465801
154.138 466141
154.189 466481
154.189 466821
154.239 467161
154.239 467501
154.29 467841
154.29 468181
154.34 468521
154.34 468861
154.391 469201
154.391 469541
154.441 469881
154.441 470221
154.491 470561
154.491 470901
154.542 471241
154.542 471581
154.592 471921
154.592 472261
154.643 472601
154.643 472941
154.693 473281
154.693 473621
154.744 473961
154.744 474301
154.794 474641
154.794 474981
154.844 475321
154.844 475661
154.895 476001
154.895 476341
154.945 476681
154.945 477021
154.996 477361
154.996 477701
155.046 478041
155.046 478381
155.097 478721
155.097 479061
155.147 479401
155.147 479741
155.197 480081
155.197 480421
155.248 480761
155.248 481101
155.298 481441
155.298 481781
155.349 482121
155.349 482461
155.399 482801
155.399 483141
155.45 483481
155.45 483821
155.5 484161
155.5 484501
155.55 484841
155.55 485181
155.601 485521
155.601 485861
155.651 486201
155.651 486541
155.702 486881
155.702 487221
155.752 487561
155.752 487901
155.803 488241
155.803 488581
155.853 488921
155.853 489261
155.903 489601
155.903 489941
155.954 490281
155.954 490621
156.004 490961
156.004 491301
156.055 491641
156.055 491981
156.105 492321
156.105 492661
156.156 493001
156.156 493341
156.206 493681
156.206 494021
156.257 494361
156.257 494701
156.307 495041
156.307 495381
156.357 495721
156.357 496061
156.408 496401
156.408 496741
156.458 497081
156.458 497421
156.509 497761
156.509 498101
156.559 498441
156.559 498781
156.61 499121
156.61 499461
156.66 499801
156.66 500141
156.71 500481
156.71 500821
156.761 501161
156.761 501501
156.811 501841
156.811 502181
156.862 502521
156.862 502861
156.912 503201
156.912 503541
156.963 503881
156.963 504221
157.013 504561
157.013 504901
157.063 505241
157.063 505581
157.114 505921
157.114 506261
157.164 506601
157.164 506941
157.215 507281
157.215 507621
157.265 507961
157.265 508301
157.316 508641
157.316 508981
157.417 500821
157.417 502181
157.417 502521
157.417 502861
157.417 503201
157.442 503541
157.468 503881
157.493 504221
157.518 504561
157.543 504901
157.569 505241
157.594 505581
157.619 505921
157.644 506261
157.669 506601
157.695 506941
157.72 507281
157.745 507621
157.77 507961
157.795 508301
157.821 508641
157.846 508981
157.946 509321
157.946 509661
157.946 510001
157.946 510341
157.946 510681
157.946 511021
157.946 511361
157.946 511701
157.946 512041
157.946 512381
157.946 512721
157.946 513061
157.946 513401
157.946 513741
157.946 514081
157.946 514421
157.946 514761
157.946 515101
157.946 515441
157.946 515781
157.946 516121
157.946 516461
157.946 516801
157.946 517141
158.501 517481
158.501 517821
158.551 518161
158.551 518501
158.602 518841
158.602 519181
158.652 519521
158.652 519861
158.702 520201
158.702 520541
158.753 520881
158.753 521221
158.803 521561
158.803 521901
158.854 522241
158.854 522581
158.904 522921
158.904 523261
158.955 523601
158.955 523941
159.005 524281
159.005 524621
159.055 524961
159.055 525301
159.106 525641
159.106 525981
159.156 526321
159.156 526661
159.207 527001
159.207 527341
159.257 527681
159.257 528021
159.308 528361
159.308 528701
159.358 529041
159.358 529381
159.409 529721
159.409 530061
159.459 530401
159.459 530741
159.509 531081
159.509 531421
159.56 531761
159.56 532101
159.61 532441
159.61 532781
159.661 533121
159.661 533461
159.711 533801
159.711 534141
159.762 534481
159.762 534821
159.812 535161
159.812 535501
159.862 535841
159.862 536181
159.913 536521
159.913 536861
159.963 537201
159.963 537541
160.014 537881
160.014 538221
160.064 538561
160.064 538901
160.115 539241
160.115 539581
160.165 539921
160.165 540261
160.215 540601
160.215 540941
160.266 541281
160.266 541621
160.316 541961
160.316 542301
160.367 542641
160.367 542981
160.417 543321
160.417 543661
160.468 544001
160.468 544341
160.518 544681
160.518 545021
160.568 545361
160.568 545701
160.619 546041
160.619 546381
160.669 546721
160.669 547061
160.72 547401
160.72 547741
160.77 548081
160.77 548421
160.821 548761
160.821 549101
160.871 549441
160.871 549781
160.921 550121
160.921 550461
160.972 550801
160.972 551141
161.022 551481
161.022 551821
161.073 552161
161.073 552501
161.123 552841
161.123 553181
161.174 553521
161.174 553861
161.224 554201
161.224 554541
161.275 554881
161.275 555221
161.325 555561
161.325 555901
161.375 556241
161.375 556581
161.426 556921
161.426 557261
161.476 557601
161.476 557941
161.527 558281
161.527 558621
161.577 558961
161.577 559301
161.628 559641
161.628 559981
161.678 560321
161.678 560661
161.728 561001
161.728 561341
161.779 561681
161.779 562021
161.829 562361
161.829 562701
161.88 563041
161.88 563381
161.93 563721
161.93 564061
161.981 564401
161.981 564741
162.031 565081
162.031 565421
162.081 565761
162.081 566101
162.132 566441
162.132 566781
162.182 567121
162.182 567461
162.233 567801
162.233 568141
162.283 568481
162.283 568821
162.334 569161
162.334 569501
162.384 569841
162.384 570181
162.434 570521
162.434 570861
162.485 571201
162.485 571541
162.535 571881
162.535 572221
162.586 572561
162.586 572901
162.636 573241
162.636 573581
162.687 573921
162.687 574261
162.737 574601
162.737 574941
162.787 575281
162.787 575621
162.838 575961
162.838 576301
162.888 576641
162.888 576981
162.939 577321
162.939 577661
162.989 578001
162.989 578341
163.04 578681
163.04 579021
163.09 579361
163.09 579701
163.14 580041
163.14 580381
163.191 580721
163.191 581061
163.241 581401
163.241 581741
163.292 582081
163.292 582421
163.342 582761
163.342 583101
163.393 583441
163.393 583781
163.443 584121
163.443 584461
163.494 584801
163.494 585141
163.544 585481
163.544 585821
163.594 586161
163.594 586501
163.645 586841
163.645 587181
163.695 587521
163.695 587861
163.746 588201
163.746 588541
163.796 588881
163.796 589221
163.847 589561
163.847 589901
163.897 590241
163.897 590581
163.947 590921
163.947 591261
163.998 591601
163.998 591941
164.048 592281
164.048 592621
164.099 592961
164.099 593301
164.149 593641
164.149 593981
164.2 594321
164.2 594661
164.25 595001
164.25 595341
164.3 595681
164.3 596021
164.351 596361
164.351 596701
164.401 597041
164.401 597381
164.452 597721
164.452 598061
164.502 598401
164.502 598741
164.553 599081
164.553 599421
164.603 599761
164.603 600101
164.653 600441
164.653 600781
164.704 601121
164.704 601461
164.754 601801
164.754 602141
164.805 602481
164.805 602821
164.855 603161
164.855 603501
164.906 603841
164.906 604181
164.956 604521
164.956 604861
165.006 605201
165.006 605541
165.057 605881
165.057 606221
165.107 606561
165.107 606901
165.158 607241
165.158 607581
165.208 607921
165.208 608261
165.259 608601
165.259 608941
165.309 609281
165.309 609621
165.359 609961
165.359 610301
165.41 610641
165.41 610981
165.46 611321
165.46 611661
165.511 612001
165.511 612341
165.561 612681
165.561 613021
165.612 613361
165.612 613701
165.662 614041
165.662 614381
165.713 614721
165.713 615061
165.763 615401
165.763 615741
165.813 616081
165.813 616421
165.864 616761
165.864 617101
165.914 617441
165.914 617781
165.965 618121
165.965 618461
166.015 618801
166.015 619141
166.066 619481
166.066 619821
166.116 620161
166.116 620501
166.166 620841
166.166 621181
166.217 621521
166.217 621861
166.267 622201
166.267 622541
166.318 622881
166.318 623221
166.368 623561
166.368 623901
166.419 624241
166.419 624581
166.469 624921
166.469 625261
166.519 625601
166.519 625941
166.57 626281
166.57 626621
166.62 626961
166.62 627301
166.671 627641
166.671 627981
166.721 628321
166.721 628661
166.772 629001
166.772 629341
166.822 629681
166.822 630021
166.872 630361
166.872 630701
166.923 631041
166.923 631381
166.973 631721
166.973 632061
167.024 632401
167.024 632741
167.074 633081
167.074 633421
167.125 633761
167.125 634101
167.175 634441
167.175 634781
167.225 635121
167.225 635461
167.276 635801
167.276 636141
167.326 636481
167.326 636821
167.377 637161
167.377 637501
167.427 637841
167.427 638181
167.478 638521
167.478 638861
167.528 639201
167.528 639541
167.579 639881
167.579 640221
167.629 640561
167.629 640901
167.679 641241
167.679 641581
167.73 641921
167.73 642261
167.78 642601
167.78 642941
167.831 643281
167.831 643621
167.881 643961
167.881 644301
167.932 644641
167.932 644981
167.982 645321
167.982 645661
168.032 646001
168.032 646341
168.083 646681
168.083 647021
168.133 647361
168.133 647701
168.184 648041
168.184 648381
168.234 648721
168.234 649061
168.285 649401
168.285 649741
168.335 650081
168.335 650421
168.385 650761
168.385 651101
168.436 651441
168.436 651781
168.486 652121
168.486 652461
168.537 652801
168.537 653141
168.587 653481
168.587 653821
168.689 645661
168.689 647021
168.689 647361
168.689 647701
168.689 648041
168.714 648381
168.739 648721
168.764 649061
168.79 649401
168.815 649741
168.84 650081
168.865 650421
168.891 650761
168.916 651101
168.941 651441
168.966 651781
168.991 652121
169.017 652461
169.042 652801
169.067 653141
169.092 653481
169.117 653821
169.218 654161
169.218 654501
169.218 654841
169.218 655181
169.218 655521
169.218 655861
169.218 656201
169.218 656541
169.218 656881
169.218 657221
169.218 657561
169.218 657901
169.218 658241
169.218 658581
169.218 658921
169.218 659261
169.218 659601
169.218 659941
169.218 660281
169.218 660621
169.218 660961
169.218 661301
169.218 661641
169.218 661981
169.772 662321
169.772 662661
169.823 663001
169.823 663341
169.873 663681
169.873 664021
169.924 664361
169.924 664701
169.974 665041
169.974 665381
170.024 665721
170.024 666061
170.075 666401
170.075 666741
170.125 667081
170.125 667421
170.176 667761
170.176 668101
170.226 668441
170.226 668781
170.277 669121
170.277 669461
170.327 669801
170.327 670141
170.377 670481
170.377 670821
170.428 671161
170.428 671501
170.478 671841
170.478 672181
170.529 672521
170.529 672861
170.579 673201
170.579 673541
170.63 673881
170.63 674221
170.68 674561
170.68 674901
170.731 675241
170.731 675581
170.781 675921
170.781 676261
170.831 676601
170.831 676941
170.882 677281
170.882 677621
170.932 677961
170.932 678301
170.983 678641
170.983 678981
171.033 679321
171.033 679661
171.084 680001
171.084 680341
171.134 680681
171.134 681021
171.184 681361
171.184 681701
171.235 682041
171.235 682381
171.285 682721
171.285 683061
171.336 683401
171.336 683741
171.386 684081
171.386 684421
171.437 684761
171.437 685101
171.487 685441
171.487 685781
171.537 686121
171.537 686461
171.588 686801
171.588 687141
171.638 687481
171.638 687821
171.689 688161
171.689 688501
171.739 688841
171.739 689181
171.79 689521
171.79 689861
171.84 690201
171.84 690541
171.89 690881
171.89 691221
171.941 691561
171.941 691901
171.991 692241
171.991 692581
172.042 692921
172.042 693261
172.092 693601
172.092 693941
172.143 694281
172.143 694621
172.193 694961
172.193 695301
172.243 695641
172.243 695981
172.294 696321
172.294 696661
172.344 697001
172.344 697341
172.395 697681
172.395 698021
172.445 698361
172.445 698701
172.496 699041
172.496 699381
172.546 699721
172.546 700061
172.596 700401
172.596 700741
172.647 701081
172.647 701421
172.697 701761
172.697 702101
172.748 702441
172.748 702781
172.798 703121
172.798 703461
172.849 703801
172.849 704141
172.899 704481
172.899 704821
172.95 705161
172.95 705501
173 705841
173 706181
173.05 706521
173.05 706861
173.101 707201
173.101 707541
173.151 707881
173.151 708221
173.202 708561
173.202 708901
173.252 709241
173.252 709581
173.303 709921
173.303 710261
173.353 710601
173.353 710941
173.403 711281
173.403 711621
173.454 711961
173.454 712301
173.504 712641
173.504 712981
173.555 713321
173.555 713661
173.605 714001
173.605 714341
173.656 714681
173.656 715021
173.706 715361
173.706 715701
173.756 716041
173.756 716381
173.807 716721
173.807 717061
173.857 717401
173.857 717741
173.908 718081
173.908 718421
173.958 718761
173.958 719101
174.009 719441
174.009 719781
174.059 720121
174.059 720461
174.109 720801
174.109 721141
174.16 721481
174.16 721821
174.21 722161
174.21 722501
174.261 722841
174.261 723181
174.311 723521
174.311 723861
174.362 724201
174.362 724541
174.412 724881
174.412 725221
174.462 725561
174.462 725901
174.513 726241
174.513 726581
174.563 726921
174.563 727261
174.614 727601
174.614 727941
174.664 728281
174.664 728621
174.715 728961
174.715 729301
174.765 729641
174.765 729981
174.815 730321
174.815 730661
174.866 731001
174.866 731341
174.916 731681
174.916 732021
174.967 732361
174.967 732701
175.017 733041
175.017 733381
175.068 733721
175.068 734061
175.118 734401
175.118 734741
175.169 735081
175.169 735421
175.219 735761
175.219 736101
175.269 736441
175.269 736781
175.32 737121
175.32 737461
175.37 737801
175.37 738141
175.421 738481
175.421 738821
175.471 739161
175.471 739501
175.522 739841
175.522 740181
175.572 740521
175.572 740861
175.622 741201
175.622 741541
175.673 741881
175.673 742221
175.723 742561
175.723 742901
175.774 743241
175.774 743581
175.824 743921
175.824 744261
175.875 744601
175.875 744941
175.925 745281
175.925 745621
175.975 745961
175.975 746301
176.026 746641
176.026 746981
176.076 747321
176.076 747661
176.127 748001
176.127 748341
176.177 748681
176.177 749021
176.228 749361
176.228 749701
176.278 750041
176.278 750381
176.328 750721
176.328 751061
176.379 751401
176.379 751741
176.429 752081
176.429 752421
176.48 752761
176.48 753101
176.53 753441
176.53 753781
176.581 754121
176.581 754461
176.631 754801
176.631 755141
176.681 755481
176.681 755821
176.732 756161
176.732 756501
176.782 756841
176.782 757181
176.833 757521
176.833 757861
176.883 758201
176.883 758541
176.934 758881
176.934 759221
176.984 759561
176.984 759901
177.035 760241
177.035 760581
177.085 760921
177.085 761261
177.135 761601
177.135 761941
177.186 762281
177.186 762621
177.236 762961
177.236 763301
177.287 763641
177.287 763981
177.337 764321
177.337 764661
177.388 765001
177.388 765341
177.438 765681
177.438 766021
177.488 766361
177.488 766701
177.539 767041
177.539 767381
177.589 767721
177.589 768061
177.64 768401
177.64 768741
177.69 769081
177.69 769421
177.741 769761
177.741 770101
177.791 770441
177.791 770781
177.841 771121
177.841 771461
177.892 771801
177.892 772141
177.942 772481
177.942 772821
177.993 773161
177.993 773501
178.043 773841
178.043 774181
178.094 774521
178.094 774861
178.144 775201
178.144 775541
178.194 775881
178.194 776221
178.245 776561
178.245 776901
178.295 777241
178.295 777581
178.346 777921
178.346 778261
178.396 778601
178.396 778941
178.447 779281
178.447 779621
178.497 779961
178.497 780301
178.547 780641
178.547 780981
178.598 781321
178.598 781661
178.648 782001
178.648 782341
178.699 782681
178.699 783021
178.749 783361
178.749 783701
178.8 784041
178.8 784381
178.85 784721
178.85 785061
178.9 785401
178.9 785741
178.951 786081
178.951 786421
179.001 786761
179.001 787101
179.052 787441
179.052 787781
179.102 788121
179.102 788461
179.153 788801
179.153 789141
179.203 789481
179.203 789821
179.254 790161
179.254 790501
179.304 790841
179.304 791181
179.354 791521
179.354 791861
179.405 792201
179.405 792541
179.455 792881
179.455 793221
179.506 793561
179.506 793901
179.556 794241
179.556 794581
179.607 794921
179.607 795261
179.657 795601
179.657 795941
179.707 796281
179.707 796621
179.758 796961
179.758 797301
179.808 797641
179.808 797981
179.859 798321
179.859 798661
179.909 799001
179.909 799341
179.96 799681
179.96 800021
180.01 800361
180.01 800701
180.06 801041
180.06 801381
180.111 801721
180.111 802061
180.161 802401
180.161 802741
180.212 803081
180.212 803421
180.262 803761
180.262 804101
180.313 804441
180.313 804781
180.363 805121
180.363 805461
180.413 805801
180.413 806141
180.464 806481
180.464 806821
180.514 807161
180.514 807501
180.565 807841
180.565 808181
180.615 808521
180.615 808861
180.666 809201
180.666 809541
180.716 809881
180.716 810221
180.766 810561
180.766 810901
180.817 811241
180.817 811581
180.867 811921
180.867 812261
180.918 812601
180.918 812941
180.968 813281
180.968 813621
181.019 813961
181.019 814301
181.069 814641
181.069 814981
181.119 815321
181.119 815661
181.17 816001
181.17 816341
181.22 816681
181.22 817021
181.271 817361
181.271 817701
181.321 818041
181.321 818381
181.372 818721
181.372 819061
181.422 819401
181.422 819741
181.473 820081
181.473 820421
181.523 820761
181.523 821101
181.573 821441
181.573 821781
181.624 822121
181.624 822461
181.674 822801
181.674 823141
181.725 823481
181.725 823821
181.775 824161
181.775 824501
181.826 824841
181.826 825181
181.876 825521
181.876 825861
181.926 826201
181.926 826541
181.977 826881
181.977 827221
182.027 827561
182.027 827901
182.078 828241
182.078 828581
182.128 828921
182.128 829261
182.179 829601
182.179 829941
182.229 830281
182.229 830621
182.279 830961
182.279 831301
182.33 831641
182.33 831981
182.38 832321
182.38 832661
182.431 833001
182.431 833341
182.481 833681
182.481 834021
182.532 834361
182.532 834701
182.582 835041
182.582 835381
182.632 835721
182.632 836061
182.683 836401
182.683 836741
182.733 837081
182.733 837421
182.784 837761
182.784 838101
182.834 838441
182.834 838781
182.885 839121
182.885 839461
182.935 839801
182.935 840141
182.985 840481
182.985 840821
183.036 841161
183.036 841501
183.086 841841
183.086 842181
183.137 842521
183.137 842861
183.187 843201
183.187 843541
183.238 843881
183.238 844221
183.288 844561
183.288 844901
183.339 845241
183.339 845581
183.389 845921
183.389 846261
183.439 846601
183.439 846941
183.49 847281
183.49 847621
183.54 847961
183.54 848301
183.591 848641
183.591 848981
183.641 849321
183.641 849661
183.692 850001
183.692 850341
183.742 850681
183.742 851021
183.792 851361
183.792 851701
183.843 852041
183.843 852381
183.893 852721
183.893 853061
183.944 853401
183.944 853741
183.994 854081
183.994 854421
184.045 854761
184.045 855101
184.095 855441
184.095 855781
184.145 856121
184.145 856461
184.196 856801
184.196 857141
184.246 857481
184.246 857821
184.297 858161
184.297 858501
184.347 858841
184.347 859181
184.398 859521
184.398 859861
184.448 860201
184.448 860541
184.498 860881
184.498 861221
184.549 861561
184.549 861901
184.599 862241
184.599 862581
184.65 862921
184.65 863261
184.7 863601
184.7 863941
184.751 864281
184.751 864621
184.801 864961
184.801 865301
184.851 865641
184.851 865981
184.902 866321
184.902 866661
184.952 867001
184.952 867341
185.003 867681
185.003 868021
185.053 868361
185.053 868701
185.104 869041
185.104 869381
185.154 869721
185.154 870061
185.204 870401
185.204 870741
185.255 871081
185.255 871421
185.305 871761
185.305 872101
185.356 872441
185.356 872781
185.406 873121
185.406 873461
185.457 873801
185.457 874141
185.507 874481
185.507 874821
185.558 875161
185.558 875501
185.608 875841
185.608 876181
185.658 876521
185.658 876861
185.709 877201
185.709 877541
185.759 877881
185.759 878221
185.81 878561
185.81 878901
185.86 879241
185.86 879581
185.911 879921
185.911 880261
185.961 880601
185.961 880941
186.011 881281
186.011 881621
186.062 881961
186.062 882301
186.112 882641
186.112 882981
186.163 883321
186.163 883661
186.213 884001
186.213 884341
186.264 884681
186.264 885021
186.314 885361
186.314 885701
186.364 886041
186.364 886381
186.415 886721
186.415 887061
186.465 887401
186.465 887741
186.516 888081
186.516 888421
186.566 888761
186.566 889101
186.617 889441
186.617 889781
186.667 890121
186.667 890461
186.717 890801
186.717 891141
186.768 891481
186.768 891821
186.818 892161
186.818 892501
186.869 892841
186.869 893181
186.919 893521
186.919 893861
186.97 894201
186.97 894541
187.02 894881
187.02 895221
187.07 895561
187.07 895901
187.121 896241
187.121 896581
187.171 896921
187.171 897261
187.222 897601
187.222 897941
187.272 898281
187.272 898621
187.323 898961
187.323 899301
187.373 899641
187.373 899981
187.423 900321
187.423 900661
187.474 901001
187.474 901341
187.524 901681
187.524 902021
187.575 902361
187.575 902701
187.625 903041
187.625 903381
187.676 903721
187.676 904061
187.726 904401
187.726 904741
187.777 905081
187.777 905421
187.827 905761
187.827 906101
187.877 906441
187.877 906781
187.928 907121
187.928 907461
187.978 907801
187.978 908141
188.029 908481
188.029 908821
188.079 909161
188.079 909501
188.13 909841
188.13 910181
188.18 910521
188.18 910861
188.23 911201
188.23 911541
188.281 911881
188.281 912221
188.331 912561
188.331 912901
188.382 913241
188.382 913581
188.432 913921
188.432 914261
188.483 914601
188.483 914941
188.533 915281
188.533 915621
188.583 915961
188.583 916301
188.634 916641
188.634 916981
188.684 917321
188.684 917661
188.735 918001
188.735 918341
188.785 918681
188.785 919021
188.836 919361
188.836 919701
188.886 920041
188.886 920381
188.936 920721
188.936 921061
188.987 921401
188.987 921741
189.037 922081
189.037 922421
189.088 922761
189.088 923101
189.138 923441
189.138 923781
189.189 924121
189.189 924461
189.239 924801
189.239 925141
189.289 925481
189.289 925821
189.34 926161
189.34 926501
189.39 926841
189.39 927181
189.441 927521
189.441 927861
189.491 928201
189.491 928541
189.542 928881
189.542 929221
189.592 929561
189.592 929901
189.643 930241
189.643 930581
189.693 930921
189.693 931261
189.743 931601
189.743 931941
189.794 932281
189.794 932621
189.844 932961
189.844 933301
189.895 933641
189.895 933981
189.945 934321
189.945 934661
189.996 935001
189.996 935341
190.046 935681
190.046 936021
190.096 936361
190.096 936701
190.147 937041
190.147 937381
190.197 937721
190.197 938061
190.248 938401
190.248 938741
190.298 939081
190.298 939421
190.349 939761
190.349 940101
190.399 940441
190.399 940781
190.449 941121
190.449 941461
190.5 941801
190.5 942141
190.55 942481
190.55 942821
190.601 943161
190.601 943501
190.651 943841
190.651 944181
190.702 944521
190.702 944861
190.752 945201
190.752 945541
190.802 945881
190.802 946221
190.853 946561
190.853 946901
190.903 947241
190.903 947581
190.954 947921
190.954 948261
191.004 948601
191.004 948941
191.055 949281
191.055 949621
191.105 949961
191.105 950301
191.155 950641
191.155 950981
191.206 951321
191.206 951661
191.256 952001
191.256 952341
191.307 952681
191.307 953021
191.357 953361
191.357 953701
191.408 954041
191.408 954381
191.458 954721
191.458 955061
191.508 955401
191.508 955741
191.559 956081
191.559 956421
191.609 956761
191.609 957101
191.66 957441
191.66 957781
191.71 958121
191.71 958461
191.761 958801
191.761 959141
191.811 959481
191.811 959821
191.862 960161
191.862 960501
191.912 960841
191.912 961181
191.962 961521
191.962 961861
192.013 962201
192.013 962541
192.063 962881
192.063 963221
192.114 963561
192.114 963901
192.164 964241
192.164 964581
192.215 964921
192.215 965261
192.265 965601
192.265 965941
192.315 966281
192.315 966621
192.366 966961
192.366 967301
192.416 967641
192.416 967981
192.467 968321
192.467 968661
192.517 969001
192.517 969341
192.568 969681
192.568 970021
192.618 970361
192.618 970701
192.668 971041
192.668 971381
192.719 971721
192.719 972061
192.769 972401
192.769 972741
192.82 973081
192.82 973421
192.87 973761
192.87 974101
192.921 974441
192.921 974781
192.971 975121
192.971 975461
193.021 975801
193.021 976141
193.072 976481
193.072 976821
193.122 977161
193.122 977501
193.173 977841
193.173 978181
193.223 978521
193.223 978861
193.274 979201
193.274 979541
193.324 979881
193.324 980221
193.374 980561
193.374 980901
193.425 981241
193.425 981581
193.475 981921
193.475 982261
193.526 982601
193.526 982941
193.576 983281
193.576 983621
193.627 983961
193.627 984301
193.677 984641
193.677 984981
193.727 985321
193.727 985661
193.778 986001
193.778 986341
193.828 986681
193.828 987021
193.879 987361
193.879 987701
193.929 988041
193.929 988381
193.98 988721
193.98 989061
194.03 989401
194.03 989741
194.081 990081
194.081 990421
194.131 990761
194.131 991101
194.181 991441
194.181 991781
194.232 992121
194.232 992461
194.282 992801
194.282 993141
194.333 993481
194.333 993821
194.383 994161
194.383 994501
194.434 994841
194.434 995181
194.484 995521
194.484 995861
194.534 996201
194.534 996541
194.585 996881
194.585 997221
194.635 997561
194.635 997901
194.686 998241
194.686 998581
194.736 998921
194.736 999261
194.787 999601
194.787 999941
194.837 1000281
194.837 1000621
194.887 1000961
194.887 1001301
194.938 1001641
194.938 1001981
194.988 1002321
194.988 1002661
195.039 1003001
195.039 1003341
195.089 1003681
195.089 1004021
195.14 1004361
195.14 1004701
195.19 1005041
195.19 1005381
195.24 1005721
195.24 1006061
195.291 1006401
195.291 1006741
195.341 1007081
195.341 1007421
195.392 1007761
195.392 1008101
195.442 1008441
195.442 1008781
195.493 1009121
195.493 1009461
195.543 1009801
195.543 1010141
195.593 1010481
195.593 1010821
195.644 1011161
195.644 1011501
195.694 1011841
195.694 1012181
195.745 1012521
195.745 1012861
195.795 1013201
195.795 1013541
195.846 1013881
195.846 1014221
195.896 1014561
195.896 1014901
195.947 1015241
195.947 1015581
195.997 1015921
195.997 1016261
196.047 1016601
196.047 1016941
196.098 1017281
196.098 1017621
196.148 1017961
196.148 1018301
196.199 1018641
196.199 1018981
196.249 1019321
196.249 1019661
196.3 1020001
196.3 1020341
196.35 1020681
196.35 1021021
196.4 1021361
196.4 1021701
196.451 1022041
196.451 1022381
196.501 1022721
196.501 1023061
196.552 1023401
196.552 1023741
196.602 1024081
196.602 1024421
196.653 1024761
196.653 1025101
196.703 1025441
196.703 1025781
196.753 1026121
196.753 1026461
196.804 1026801
196.804 1027141
196.854 1027481
196.854 1027821
196.905 1028161
196.905 1028501
196.955 1028841
196.955 1029181
197.006 1029521
197.006 1029861
197.056 1030201
197.056 1030541
197.106 1030881
197.106 1031221
197.157 1031561
197.157 1031901
197.207 1032241
197.207 1032581
197.258 1032921
197.258 1033261
197.308 1033601
197.308 1033941
197.359 1034281
197.359 1034621
197.409 1034961
197.409 1035301
197.459 1035641
197.459 1035981
197.51 1036321
197.51 1036661
197.56 1037001
197.56 1037341
197.611 1037681
197.611 1038021
197.661 1038361
197.661 1038701
197.712 1039041
197.712 1039381
197.762 1039721
197.762 1040061
197.812 1040401
197.812 1040741
197.863 1041081
197.863 1041421
197.913 1041761
197.913 1042101
197.964 1042441
197.964 1042781
198.014 1043121
198.014 1043461
198.065 1043801
198.065 1044141
198.115 1044481
198.115 1044821
198.166 1045161
198.166 1045501
198.216 1045841
198.216 1046181
198.266 1046521
198.266 1046861
198.317 1047201
198.317 1047541
198.367 1047881
198.367 1048221
198.418 1048561
198.418 1048901
198.468 1049241
198.468 1049581
198.519 1049921
198.519 1050261
198.569 1050601
198.569 1050941
198.619 1051281
198.619 1051621
198.67 1051961
198.67 1052301
198.72 1052641
198.72 1052981
198.771 1053321
198.771 1053661
198.821 1054001
198.821 1054341
198.872 1054681
198.872 1055021
198.922 1055361
198.922 1055701
198.972 1056041
198.972 1056381
199.023 1056721
199.023 1057061
199.073 1057401
199.073 1057741
199.124 1058081
199.124 1058421
199.174 1058761
199.174 1059101
199.225 1059441
199.225 1059781
199.275 1060121
199.275 1060461
199.325 1060801
199.325 1061141
199.376 1061481
199.376 1061821
199.426 1062161
199.426 1062501
199.477 1062841
199.477 1063181
199.527 1063521
199.527 1063861
199.578 1064201
199.578 1064541
199.628 1064881
199.628 1065221
199.678 1065561
199.678 1065901
199.729 1066241
199.729 1066581
199.779 1066921
199.779 1067261
199.83 1067601
199.83 1067941
199.88 1068281
199.88 1068621
199.931 1068961
199.931 1069301
199.981 1069641
199.981 1069981
200.031 1070321
200.031 1070661
200.082 1071001
200.082 1071341
200.132 1071681
200.132 1072021
200.183 1072361
200.183 1072701
200.233 1073041
200.233 1073381
200.284 1073721
200.284 1074061
200.334 1074401
200.334 1074741
200.385 1075081
200.385 1075421
200.435 1075761
200.435 1076101
200.485 1076441
200.485 1076781
200.536 1077121
200.536 1077461
200.586 1077801
200.586 1078141
200.637 1078481
200.637 1078821
200.687 1079161
200.687 1079501
200.738 1079841
200.738 1080181
200.788 1080521
200.788 1080861
200.838 1081201
200.838 1081541
200.889 1081881
200.889 1082221
200.939 1082561
200.939 1082901
200.99 1083241
200.99 1083581
201.04 1083921
201.04 1084261
201.091 1084601
201.091 1084941
201.141 1085281
201.141 1085621
201.191 1085961
201.191 1086301
201.242 1086641
201.242 1086981
201.292 1087321
201.292 1087661
201.343 1088001
201.343 1088341
201.393 1088681
201.393 1089021
201.444 1089361
201.444 1089701
201.494 1090041
201.494 1090381
201.544 1090721
201.544 1091061
201.595 1091401
201.595 1091741
201.645 1092081
201.645 1092421
201.696 1092761
201.696 1093101
201.746 1093441
201.746 1093781
201.797 1094121
201.797 1094461
201.847 1094801
201.847 1095141
201.897 1095481
201.897 1095821
201.948 1096161
201.948 1096501
201.998 1096841
201.998 1097181
202.049 1097521
202.049 1097861
202.099 1098201
202.099 1098541
202.15 1098881
202.15 1099221
202.2 1099561
202.2 1099901
202.251 1100241
202.251 1100581
202.301 1100921
202.301 1101261
202.351 1101601
202.351 1101941
202.402 1102281
202.402 1102621
202.452 1102961
202.452 1103301
202.503 1103641
202.503 1103981
202.553 1104321
202.553 1104661
202.604 1105001
202.604 1105341
202.654 1105681
202.654 1106021
202.704 1106361
202.704 1106701
202.755 1107041
202.755 1107381
202.805 1107721
202.805 1108061
202.856 1108401
202.856 1108741
202.906 1109081
202.906 1109421
202.957 1109761
202.957 1110101
203.007 1110441
203.007 1110781
203.057 1111121
203.057 1111461
203.108 1111801
203.108 1112141
203.158 1112481
203.158 1112821
203.209 1113161
203.209 1113501
203.259 1113841
203.259 1114181
203.31 1114521
203.31 1114861
203.36 1115201
203.36 1115541
203.41 1115881
203.41 1116221
203.461 1116561
203.461 1116901
203.511 1117241
203.511 1117581
203.562 1117921
203.562 1118261
203.612 1118601
203.612 1118941
203.663 1119281
203.663 1119621
203.713 1119961
203.713 1120301
203.763 1120641
203.763 1120981
203.814 1121321
203.814 1121661
203.864 1122001
203.864 1122341
203.915 1122681
203.915 1123021
203.965 1123361
203.965 1123701
204.016 1124041
204.016 1124381
204.066 1124721
204.066 1125061
204.116 1125401
204.116 1125741
204.167 1126081
204.167 1126421
204.217 1126761
204.217 1127101
204.268 1127441
204.268 1127781
204.318 1128121
204.318 1128461
204.369 1128801
204.369 1129141
204.419 1129481
204.419 1129821
204.47 1130161
204.47 1130501
204.52 1130841
204.52 1131181
204.57 1131521
204.57 1131861
204.621 1132201
204.621 1132541
204.671 1132881
204.671 1133221
204.722 1133561
204.722 1133901
204.772 1134241
204.772 1134581
204.823 1134921
204.823 1135261
204.873 1135601
204.873 1135941
204.923 1136281
204.923 1136621
204.974 1136961
204.974 1137301
205.024 1137641
205.024 1137981
205.075 1138321
205.075 1138661
205.125 1139001
205.125 1139341
205.176 1139681
205.176 1140021
205.226 1140361
205.226 1140701
205.276 1141041
205.276 1141381
205.327 1141721
205.327 1142061
205.377 1142401
205.377 1142741
205.428 1143081
205.428 1143421
205.478 1143761
205.478 1144101
205.529 1144441
205.529 1144781
205.579 1145121
205.579 1145461
205.629 1145801
205.629 1146141
205.68 1146481
205.68 1146821
205.73 1147161
205.73 1147501
205.781 1147841
205.781 1148181
205.831 1148521
205.831 1148861
205.882 1149201
205.882 1149541
205.932 1149881
205.932 1150221
205.982 1150561
205.982 1150901
206.033 1151241
206.033 1151581
206.083 1151921
206.083 1152261
206.134 1152601
206.134 1152941
206.184 1153281
206.184 1153621
206.235 1153961
206.235 1154301
206.285 1154641
206.285 1154981
206.335 1155321
206.335 1155661
206.386 1156001
206.386 1156341
206.436 1156681
206.436 1157021
206.487 1157361
206.487 1157701
206.537 1158041
206.537 1158381
206.588 1158721
206.588 1159061
206.638 1159401
206.638 1159741
206.689 1160081
206.689 1160421
206.739 1160761
206.739 1161101
206.789 1161441
206.789 1161781
206.84 1162121
206.84 1162461
206.89 1162801
206.89 1163141
206.941 1163481
206.941 1163821
206.991 1164161
206.991 1164501
207.042 1164841
207.042 1165181
207.092 1165521
207.092 1165861
207.142 1166201
207.142 1166541
207.193 1166881
207.193 1167221
207.243 1167561
207.243 1167901
207.294 1168241
207.294 1168581
207.344 1168921
207.344 1169261
207.395 1169601
207.395 1169941
207.445 1170281
207.445 1170621
207.495 1170961
207.495 1171301
207.546 1171641
207.546 1171981
207.596 1172321
207.596 1172661
207.647 1173001
207.647 1173341
207.697 1173681
207.697 1174021
207.748 1174361
207.748 1174701
207.798 1175041
207.798 1175381
207.848 1175721
207.848 1176061
207.899 1176401
207.899 1176741
208 1177081
208 1177421
208 1177761
208 1178101
208.05 1178441
208.05 1178781
208.101 1179121
208.101 1179461
208.151 1179801
208.151 1180141
208.201 1180481
208.201 1180821
208.252 1181161
208.252 1181501
208.302 1181841
208.302 1182181
208.353 1182521
208.353 1182861
208.403 1183201
208.403 1183541
208.454 1183881
208.454 1184221
208.504 1184561
208.504 1184901
208.555 1185241
208.555 1185581
208.605 1185921
208.605 1186261
208.655 1186601
208.655 1186941
208.706 1187281
208.706 1187621
208.756 1187961
208.756 1188301
208.807 1188641
208.807 1188981
208.857 1189321
208.857 1189661
208.908 1190001
208.908 1190341
208.958 1190681
208.958 1191021
209.008 1191361
209.008 1191701
209.059 1192041
209.059 1192381
209.109 1192721
209.109 1193061
209.16 1193401
209.16 1193741
209.21 1194081
209.21 1194421
209.261 1194761
209.261 1195101
209.311 1195441
209.311 1195781
209.361 1196121
209.361 1196461
209.412 1196801
209.412 1197141
209.462 1197481
209.462 1197821
209.513 1198161
209.513 1198501
209.563 1198841
209.563 1199181
209.614 1199521
209.614 1199861
209.664 1200201
209.664 1200541
209.714 1200881
209.714 1201221
209.765 1201561
209.765 1201901
209.815 1202241
209.815 1202581
209.866 1202921
209.866 1203261
209.916 1203601
209.916 1203941
209.967 1204281
209.967 1204621
210.017 1204961
210.017 1205301
210.067 1205641
210.067 1205981
210.118 1206321
210.118 1206661
210.168 1207001
210.168 1207341
210.219 1207681
210.219 1208021
210.269 1208361
210.269 1208701
210.32 1209041
210.32 1209381
210.37 1209721
210.37 1210061
210.42 1210401
210.42 1210741
210.471 1211081
210.471 1211421
210.521 1211761
210.521 1212101
210.572 1212441
210.572 1212781
210.622 1213121
210.622 1213461
210.673 1213801
210.673 1214141
210.723 1214481
210.723 1214821
210.774 1215161
210.774 1215501
210.824 1215841
210.824 1216181
210.874 1216521
210.874 1216861
210.925 1217201
210.925 1217541
210.975 1217881
210.975 1218221
211.026 1218561
211.026 1218901
211.076 1219241
211.076 1219581
211.127 1219921
211.127 1220261
211.177 1220601
211.177 1220941
211.227 1221281
211.227 1221621
211.278 1221961
211.278 1222301
211.328 1222641
211.328 1222981
211.379 1223321
211.379 1223661
211.429 1224001
211.429 1224341
211.48 1224681
211.48 1225021
211.53 1225361
211.53 1225701
211.58 1226041
211.58 1226381
211.631 1226721
211.631 1227061
211.681 1227401
211.681 1227741
211.732 1228081
211.732 1228421
211.782 1228761
211.782 1229101
211.833 1229441
211.833 1229781
211.883 1230121
211.883 1230461
211.933 1230801
211.933 1231141
211.984 1231481
211.984 1231821
212.034 1232161
212.034 1232501
212.085 1232841
212.085 1233181
212.135 1233521
212.135 1233861
212.186 1234201
212.186 1234541
212.236 1234881
212.236 1235221
212.286 1235561
212.286 1235901
212.337 1236241
212.337 1236581
212.387 1236921
212.387 1237261
212.438 1237601
212.438 1237941
212.488 1238281
212.488 1238621
212.539 1238961
212.539 1239301
212.589 1239641
212.589 1239981
212.639 1240321
212.639 1240661
212.69 1241001
212.69 1241341
212.74 1241681
212.74 1242021
212.791 1242361
212.791 1242701
212.841 1243041
212.841 1243381
212.892 1243721
212.892 1244061
212.942 1244401
212.942 1244741
212.993 1245081
212.993 1245421
213.043 1245761
213.043 1246101
213.093 1246441
213.093 1246781
213.144 1247121
213.144 1247461
213.194 1247801
213.194 1248141
213.245 1248481
213.245 1248821
213.295 1249161
213.295 1249501
213.346 1249841
213.346 1250181
213.396 1250521
213.396 1250861
213.446 1251201
213.446 1251541
213.497 1251881
213.497 1252221
213.547 1252561
213.547 1252901
213.598 1253241
213.598 1253581
213.648 1253921
213.648 1254261
213.699 1254601
213.699 1254941
213.749 1255281
213.749 1255621
213.799 1255961
213.799 1256301
213.85 1256641
213.85 1256981
213.9 1257321
213.9 1257661
213.951 1258001
213.951 1258341
214.001 1258681
214.001 1259021
214.052 1259361
214.052 1259701
214.102 1260041
214.102 1260381
214.152 1260721
214.152 1261061
214.203 1261401
214.203 1261741
214.253 1262081
214.253 1262421
214.304 1262761
214.304 1263101
214.354 1263441
214.354 1263781
214.405 1264121
214.405 1264461
214.455 1264801
214.455 1265141
214.505 1265481
214.505 1265821
214.556 1266161
214.556 1266501
214.606 1266841
214.606 1267181
214.657 1267521
214.657 1267861
214.707 1268201
214.707 1268541
214.758 1268881
214.758 1269221
214.808 1269561
214.808 1269901
214.859 1270241
214.859 1270581
214.909 1270921
214.909 1271261
214.959 1271601
214.959 1271941
215.01 1272281
215.01 1272621
215.06 1272961
215.06 1273301
215.111 1273641
215.111 1273981
215.161 1274321
215.161 1274661
215.212 1275001
215.212 1275341
215.262 1275681
215.262 1276021
215.312 1276361
215.312 1276701
215.363 1277041
215.363 1277381
215.413 1277721
215.413 1278061
215.464 1278401
215.464 1278741
215.514 1279081
215.514 1279421
215.565 1279761
215.565 1280101
215.615 1280441
215.615 1280781
215.665 1281121
215.665 1281461
215.716 1281801
215.716 1282141
215.766 1282481
215.766 1282821
215.817 1283161
215.817 1283501
215.867 1283841
215.867 1284181
215.918 1284521
215.918 1284861
215.968 1285201
215.968 1285541
216.018 1285881
216.018 1286221
216.069 1286561
216.069 1286901
216.119 1287241
216.119 1287581
216.17 1287921
216.17 1288261
216.22 1288601
216.22 1288941
216.271 1289281
216.271 1289621
216.321 1289961
216.321 1290301
216.371 1290641
216.371 1290981
216.422 1291321
216.422 1291661
216.472 1292001
216.472 1292341
216.523 1292681
216.523 1293021
216.573 1293361
216.573 1293701
216.624 1294041
216.624 1294381
216.674 1294721
216.674 1295061
216.724 1295401
216.724 1295741
216.775 1296081
216.775 1296421
216.825 1296761
216.825 1297101
216.876 1297441
216.876 1297781
216.926 1298121
216.926 1298461
216.977 1298801
216.977 1299141
217.027 1299481
217.027 1299821
217.078 1300161
217.078 1300501
217.128 1300841
217.128 1301181
217.178 1301521
217.178 1301861
217.229 1302201
217.229 1302541
217.279 1302881
217.279 1303221
217.33 1303561
217.33 1303901
217.38 1304241
217.38 1304581
217.431 1304921
217.431 1305261
217.481 1305601
217.481 1305941
217.531 1306281
217.531 1306621
217.582 1306961
217.582 1307301
217.632 1307641
217.632 1307981
217.683 1308321
217.683 1308661
217.733 1309001
217.733 1309341
217.784 1309681
217.784 1310021
217.834 1310361
217.834 1310701
217.884 1311041
217.884 1311381
217.935 1311721
217.935 1312061
217.985 1312401
217.985 1312741
218.036 1313081
218.036 1313421
218.086 1313761
218.086 1314101
218.137 1314441
218.137 1314781
218.187 1315121
218.187 1315461
218.237 1315801
218.237 1316141
218.288 1316481
218.288 1316821
218.338 1317161
218.338 1317501
218.389 1317841
218.389 1318181
218.439 1318521
218.439 1318861
218.49 1319201
218.49 1319541
218.54 1319881
218.54 1320221
218.59 1320561
218.59 1320901
218.641 1321241
218.641 1321581
218.691 1321921
218.691 1322261
218.742 1322601
218.742 1322941
218.792 1323281
218.792 1323621
218.843 1323961
218.843 1324301
218.893 1324641
218.893 1324981
218.943 1325321
218.943 1325661
218.994 1326001
218.994 1326341
219.044 1326681
219.044 1327021
219.095 1327361
219.095 1327701
219.145 1328041
219.145 1328381
219.196 1328721
219.196 1329061
219.246 1329401
219.246 1329741
219.297 1330081
219.297 1330421
219.347 1330761
219.347 1331101
219.397 1331441
219.397 1331781
219.448 1332121
219.448 1332461
219.498 1332801
219.498 1333141
219.549 1333481
219.549 1333821
219.599 1334161
219.599 1334501
219.65 1334841
219.65 1335181
219.7 1335521
219.7 1335861
219.75 1336201
219.75 1336541
219.801 1336881
219.801 1337221
219.851 1337561
219.851 1337901
219.902 1338241
219.902 1338581
219.952 1338921
219.952 1339261
220.003 1339601
220.003 1339941
220.053 1340281
220.053 1340621
220.103 1340961
220.103 1341301
220.154 1341641
220.154 1341981
220.204 1342321
220.204 1342661
220.255 1343001
220.255 1343341
220.305 1343681
220.305 1344021
220.356 1344361
220.356 1344701
220.406 1345041
220.406 1345381
220.456 1345721
220.456 1346061
220.507 1346401
220.507 1346741
220.557 1347081
220.557 1347421
220.608 1347761
220.608 1348101
220.658 1348441
220.658 1348781
220.709 1349121
220.709 1349461
220.759 1349801
220.759 1350141
220.809 1350481
220.809 1350821
220.86 1351161
220.86 1351501
220.91 1351841
220.91 1352181
220.961 1352521
220.961 1352861
221.011 1353201
221.011 1353541
221.062 1353881
221.062 1354221
221.112 1354561
221.112 1354901
221.163 1355241
221.163 1355581
221.213 1355921
221.213 1356261
221.263 1356601
221.263 1356941
221.314 1357281
221.314 1357621
221.364 1357961
221.364 1358301
221.415 1358641
221.415 1358981
221.465 1359321
221.465 1359661
221.516 1360001
221.516 1360341
221.566 1360681
221.566 1361021
221.616 1361361
221.616 1361701
221.667 1362041
221.667 1362381
221.717 1362721
221.717 1363061
221.768 1363401
221.768 1363741
221.818 1364081
221.818 1364421
221.869 1364761
221.869 1365101
221.919 1365441
221.919 1365781
221.969 1366121
221.969 1366461
222.02 1366801
222.02 1367141
222.07 1367481
222.07 1367821
222.121 1368161
222.121 1368501
222.171 1368841
222.171 1369181
222.222 1369521
222.222 1369861
222.272 1370201
222.272 1370541
222.322 1370881
222.322 1371221
222.373 1371561
222.373 1371901
222.423 1372241
222.423 1372581
222.474 1372921
222.474 1373261
222.524 1373601
222.524 1373941
222.575 1374281
222.575 1374621
222.625 1374961
222.625 1375301
222.675 1375641
222.675 1375981
222.726 1376321
222.726 1376661
222.776 1377001
222.776 1377341
222.827 1377681
222.827 1378021
222.877 1378361
222.877 1378701
222.928 1379041
222.928 1379381
222.978 1379721
222.978 1380061
223.028 1380401
223.028 1380741
223.079 1381081
223.079 1381421
223.129 1381761
223.129 1382101
223.18 1382441
223.18 1382781
223.23 1383121
223.23 1383461
223.281 1383801
223.281 1384141
223.331 1384481
223.331 1384821
223.382 1385161
223.382 1385501
223.432 1385841
223.432 1386181
223.482 1386521
223.482 1386861
223.533 1387201
223.533 1387541
223.583 1387881
223.583 1388221
223.634 1388561
223.634 1388901
223.684 1389241
223.684 1389581
223.735 1389921
223.735 1390261
223.785 1390601
223.785 1390941
223.835 1391281
223.835 1391621
223.886 1391961
223.886 1392301
223.936 1392641
223.936 1392981
223.987 1393321
223.987 1393661
224.037 1394001
224.037 1394341
224.088 1394681
224.088 1395021
224.138 1395361
224.138 1395701
224.188 1396041
224.188 1396381
224.239 1396721
224.239 1397061
224.289 1397401
224.289 1397741
224.34 1398081
224.34 1398421
224.39 1398761
224.39 1399101
224.441 1399441
224.441 1399781
224.491 1400121
224.491 1400461
224.541 1400801
224.541 1401141
224.592 1401481
224.592 1401821
224.642 1402161
224.642 1402501
224.693 1402841
224.693 1403181
224.743 1403521
224.743 1403861
224.794 1404201
224.794 1404541
224.844 1404881
224.844 1405221
224.894 1405561
224.894 1405901
224.945 1406241
224.945 1406581
224.995 1406921
224.995 1407261
225.046 1407601
225.046 1407941
225.096 1408281
225.096 1408621
225.147 1408961
225.147 1409301
225.197 1409641
225.197 1409981
225.247 1410321
225.247 1410661
225.298 1411001
225.298 1411341
225.348 1411681
225.348 1412021
225.399 1412361
225.399 1412701
225.449 1413041
225.449 1413381
225.5 1413721
225.5 1414061
225.55 1414401
225.55 1414741
225.601 1415081
225.601 1415421
225.651 1415761
225.651 1416101
225.701 1416441
225.701 1416781
225.752 1417121
225.752 1417461
225.802 1417801
225.802 1418141
225.853 1418481
225.853 1418821
225.903 1419161
225.903 1419501
225.954 1419841
225.954 1420181
226.004 1420521
226.004 1420861
226.054 1421201
226.054 1421541
226.105 1421881
226.105 1422221
226.155 1422561
226.155 1422901
226.206 1423241
226.206 1423581
226.256 1423921
226.256 1424261
226.307 1424601
226.307 1424941
226.357 1425281
226.357 1425621
226.407 1425961
226.407 1426301
226.458 1426641
226.458 1426981
226.508 1427321
226.508 1427661
226.559 1428001
226.559 1428341
226.609 1428681
226.609 1429021
226.66 1429361
226.66 1429701
226.71 1430041
226.71 1430381
226.76 1430721
226.76 1431061
226.811 1431401
226.811 1431741
226.861 1432081
226.861 1432421
226.912 1432761
226.912 1433101
226.962 1433441
226.962 1433781
227.013 1434121
227.013 1434461
227.063 1434801
227.063 1435141
227.113 1435481
227.113 1435821
227.164 1436161
227.164 1436501
227.214 1436841
227.214 1437181
227.265 1437521
227.265 1437861
227.315 1438201
227.315 1438541
227.366 1438881
227.366 1439221
227.416 1439561
227.416 1439901
227.467 1440241
227.467 1440581
227.517 1440921
227.517 1441261
227.567 1441601
227.567 1441941
227.618 1442281
227.618 1442621
227.668 1442961
227.668 1443301
227.719 1443641
227.719 1443981
227.769 1444321
227.769 1444661
227.82 1445001
227.82 1445341
227.87 1445681
227.87 1446021
227.92 1446361
227.92 1446701
227.971 1447041
227.971 1447381
228.021 1447721
228.021 1448061
228.072 1448401
228.072 1448741
228.122 1449081
228.122 1449421
228.173 1449761
228.173 1450101
228.223 1450441
228.223 1450781
228.273 1451121
228.273 1451461
228.324 1451801
228.324 1452141
228.374 1452481
228.374 1452821
228.425 1453161
228.425 1453501
228.475 1453841
228.475 1454181
228.526 1454521
228.526 1454861
228.576 1455201
228.576 1455541
228.626 1455881
228.626 1456221
228.677 1456561
228.677 1456901
228.727 1457241
228.727 1457581
228.778 1457921
228.778 1458261
228.828 1458601
228.828 1458941
228.879 1459281
228.879 1459621
228.929 1459961
228.929 1460301
228.979 1460641
228.979 1460981
229.03 1461321
229.03 1461661
229.08 1462001
229.08 1462341
229.131 1462681
229.131 1463021
229.181 1463361
229.181 1463701
229.232 1464041
229.232 1464381
229.282 1464721
229.282 1465061
229.332 1465401
229.332 1465741
229.383 1466081
229.383 1466421
229.433 1466761
229.433 1467101
229.484 1467441
229.484 1467781
229.534 1468121
229.534 1468461
229.585 1468801
229.585 1469141
229.635 1469481
229.635 1469821
229.686 1470161
229.686 1470501
229.736 1470841
229.736 1471181
229.786 1471521
229.786 1471861
229.837 1472201
229.837 1472541
229.887 1472881
229.887 1473221
229.938 1473561
229.938 1473901
229.988 1474241
229.988 1474581
230.039 1474921
230.039 1475261
230.089 1475601
230.089 1475941
230.139 1476281
230.139 1476621
230.19 1476961
230.19 1477301
230.24 1477641
230.24 1477981
230.291 1478321
230.291 1478661
230.341 1479001
230.341 1479341
230.392 1479681
230.392 1480021
230.442 1480361
230.442 1480701
230.492 1481041
230.492 1481381
230.543 1481721
230.543 1482061
230.593 1482401
230.593 1482741
230.644 1483081
230.644 1483421
230.694 1483761
230.694 1484101
230.745 1484441
230.745 1484781
230.795 1485121
230.795 1485461
230.845 1485801
230.845 1486141
230.896 1486481
230.896 1486821
230.946 1487161
230.946 1487501
230.997 1487841
230.997 1488181
231.047 1488521
231.047 1488861
231.098 1489201
231.098 1489541
231.148 1489881
231.148 1490221
231.198 1490561
231.198 1490901
231.249 1491241
231.249 1491581
231.299 1491921
231.299 1492261
231.35 1492601
231.35 1492941
231.4 1493281
231.4 1493621
231.451 1493961
231.451 1494301
231.501 1494641
231.501 1494981
231.551 1495321
231.551 1495661
231.602 1496001
231.602 1496341
231.652 1496681
231.652 1497021
231.703 1497361
231.703 1497701
231.753 1498041
231.753 1498381
231.804 1498721
231.804 1499061
231.854 1499401
231.854 1499741
231.905 1500081
231.905 1500421
231.955 1500761
231.955 1501101
232.005 1501441
232.005 1501781
232.056 1502121
232.056 1502461
232.106 1502801
232.106 1503141
232.157 1503481
232.157 1503821
232.207 1504161
232.207 1504501
232.258 1504841
232.258 1505181
232.308 1505521
232.308 1505861
232.358 1506201
232.358 1506541
232.409 1506881
232.409 1507221
232.459 1507561
232.459 1507901
232.51 1508241
232.51 1508581
232.56 1508921
232.56 1509261
232.611 1509601
232.611 1509941
232.661 1510281
232.661 1510621
232.711 1510961
232.711 1511301
232.762 1511641
232.762 1511981
232.812 1512321
232.812 1512661
232.863 1513001
232.863 1513341
232.913 1513681
232.913 1514021
232.964 1514361
232.964 1514701
233.014 1515041
233.014 1515381
233.064 1515721
233.064 1516061
233.115 1516401
233.115 1516741
233.165 1517081
233.165 1517421
233.216 1517761
233.216 1518101
233.266 1518441
233.266 1518781
233.317 1519121
233.317 1519461
233.367 1519801
233.367 1520141
233.417 1520481
233.417 1520821
233.468 1521161
233.468 1521501
233.518 1521841
233.518 1522181
233.569 1522521
233.569 1522861
233.619 1523201
233.619 1523541
233.67 1523881
233.67 1524221
233.72 1524561
233.72 1524901
233.771 1525241
233.771 1525581
233.821 1525921
233.821 1526261
233.871 1526601
233.871 1526941
233.922 1527281
233.922 1527621
233.972 1527961
233.972 1528301
234.023 1528641
234.023 1528981
234.073 1529321
234.073 1529661
234.124 1530001
234.124 1530341
234.174 1530681
234.174 1531021
234.224 1531361
234.224 1531701
234.275 1532041
234.275 1532381
234.325 1532721
234.325 1533061
234.376 1533401
234.376 1533741
234.426 1534081
234.426 1534421
234.477 1534761
234.477 1535101
234.527 1535441
234.527 1535781
234.577 1536121
234.577 1536461
234.628 1536801
234.628 1537141
234.678 1537481
234.678 1537821
234.729 1538161
234.729 1538501
234.779 1538841
234.779 1539181
234.83 1539521
234.83 1539861
234.88 1540201
234.88 1540541
234.93 1540881
234.93 1541221
234.981 1541561
234.981 1541901
235.031 1542241
235.031 1542581
235.082 1542921
235.082 1543261
235.132 1543601
235.132 1543941
235.183 1544281
235.183 1544621
235.233 1544961
235.233 1545301
235.283 1545641
235.283 1545981
235.334 1546321
235.334 1546661
235.384 1547001
235.384 1547341
235.435 1547681
235.435 1548021
235.485 1548361
235.485 1548701
235.536 1549041
235.536 1549381
235.586 1549721
235.586 1550061
235.636 1550401
235.636 1550741
235.687 1551081
235.687 1551421
235.737 1551761
235.737 1552101
235.788 1552441
235.788 1552781
235.838 1553121
235.838 1553461
235.889 1553801
235.889 1554141
235.939 1554481
235.939 1554821
235.99 1555161
235.99 1555501
236.04 1555841
236.04 1556181
236.09 1556521
236.09 1556861
236.141 1557201
236.141 1557541
236.191 1557881
236.191 1558221
236.242 1558561
236.242 1558901
236.292 1559241
236.292 1559581
236.343 1559921
236.343 1560261
236.393 1560601
236.393 1560941
236.443 1561281
236.443 1561621
236.494 1561961
236.494 1562301
236.544 1562641
236.544 1562981
236.595 1563321
236.595 1563661
236.645 1564001
236.645 1564341
236.696 1564681
236.696 1565021
236.746 1565361
236.746 1565701
236.796 1566041
236.796 1566381
236.847 1566721
236.847 1567061
236.897 1567401
236.897 1567741
236.948 1568081
236.948 1568421
236.998 1568761
236.998 1569101
237.607 1569102
