120.198 85
120.248 95
120.299 110
120.349 130
120.399 153
120.45 180
120.5 195
120.551 209
120.601 227
120.652 242
120.702 262
120.752 280
120.803 302
120.853 321
120.904 344
120.954 364
121.005 387
121.055 408
121.105 433
121.156 454
121.206 473
121.257 489
121.307 504
121.358 517
121.408 528
121.458 537
121.509 546
121.559 553
121.61 559
121.66 565
121.711 570
121.761 575
121.811 578
121.862 582
121.912 584
121.963 587
122.013 589
122.064 591
122.114 593
122.164 594
122.215 596
122.265 597
122.316 598
122.366 599
122.417 599
122.467 600
122.518 601
122.568 601
122.618 602
122.669 602
122.719 602
122.77 603
122.82 603
122.871 603
122.921 603
122.971 603
123.022 604
123.072 604
123.123 604
123.173 604
123.224 604
123.274 604
123.324 604
123.375 604
123.425 604
123.476 604
123.526 604
123.577 604
123.627 605
123.677 605
123.728 605
123.778 605
123.829 605
123.879 605
123.93 605
123.98 605
124.03 605
124.081 605
124.131 605
124.182 605
124.232 605
124.283 605
124.333 605
124.383 605
124.434 605
124.484 605
124.535 605
124.585 605
124.636 605
124.686 605
124.737 605
124.787 605
124.837 605
124.888 605
124.938 605
124.989 605
125.039 605
125.09 605
125.14 605
125.19 605
125.241 605
125.291 605
125.342 605
125.392 605
125.443 605
125.493 605
125.543 605
125.594 605
125.644 605
125.695 605
125.745 605
125.796 605
125.846 605
125.896 605
125.947 605
125.997 605
126.048 605
126.098 605
126.149 605
126.199 605
126.249 605
126.3 605
126.35 605
126.401 605
126.451 605
126.502 605
126.552 605
126.603 605
126.653 605
126.703 605
126.754 605
126.804 605
126.855 605
126.905 605
126.956 605
127.006 605
127.056 605
127.107 605
127.157 605
127.208 605
127.258 605
127.309 605
127.359 605
127.409 605
127.46 605
127.51 605
127.561 605
127.611 605
127.662 605
127.712 605
127.762 605
127.813 605
127.863 605
127.914 605
127.964 605
128.015 605
128.065 605
128.115 605
128.166 605
128.216 605
128.267 605
128.317 605
128.368 605
128.418 605
128.468 605
128.519 605
128.569 605
128.62 605
128.67 605
128.721 605
128.771 605
128.822 605
128.872 605
128.922 605
128.973 605
129.023 605
129.074 605
129.124 605
129.175 605
129.225 605
129.275 605
129.326 605
129.376 605
129.427 605
129.477 605
129.528 605
129.578 605
129.628 605
129.679 605
129.729 605
129.78 605
129.83 605
129.881 605
129.931 605
129.981 605
130.032 605
130.082 605
130.133 605
130.183 605
130.234 605
130.284 605
130.334 605
130.385 605
130.435 605
130.486 605
130.536 605
130.587 605
130.637 605
130.687 605
130.738 605
130.788 605
130.839 605
130.889 605
130.94 605
130.99 605
131.041 605
131.091 605
131.141 605
131.192 605
131.242 605
131.293 605
131.343 605
131.394 605
131.444 605
131.494 605
131.545 605
131.595 605
131.646 605
131.696 605
131.747 605
131.797 605
131.847 605
131.898 605
131.948 605
131.999 605
132.049 605
132.1 605
132.15 605
132.2 605
132.251 605
132.301 605
132.352 605
132.402 605
132.453 605
132.503 605
132.553 605
132.604 605
132.654 605
132.705 605
132.755 605
132.806 605
132.856 605
132.907 605
132.957 605
133.007 605
133.058 605
133.108 605
133.159 605
133.209 605
133.26 605
133.31 605
133.36 605
133.411 605
133.461 605
133.512 605
133.562 605
133.613 605
133.663 605
133.713 605
133.764 605
133.814 605
133.865 605
133.915 605
133.966 605
134.016 605
134.066 605
134.117 605
134.167 605
134.218 605
134.268 605
134.319 605
134.369 605
134.419 605
134.47 605
134.52 605
134.571 605
134.621 605
134.672 605
134.722 605
134.772 605
134.823 605
134.873 605
134.924 605
134.974 605
135.025 605
135.075 605
135.126 605
135.176 605
135.226 605
135.277 605
135.327 605
135.378 605
135.428 605
135.479 605
135.529 605
135.579 605
135.63 605
135.68 605
135.731 605
135.781 605
135.832 605
135.882 605
135.932 605
135.983 605
136.033 605
136.084 605
136.134 605
136.185 605
136.235 605
136.285 605
136.336 605
136.386 605
136.437 605
136.487 605
136.538 605
136.588 605
136.638 605
136.689 605
136.739 605
136.79 605
136.84 605
136.891 605
136.941 605
136.991 605
137.042 605
137.092 605
137.143 605
137.193 605
137.244 605
137.294 605
137.345 605
137.395 605
137.445 605
137.496 605
137.546 605
137.597 605
137.647 605
137.698 605
137.748 605
137.798 605
137.849 605
137.899 605
137.95 605
138 605
138.051 605
138.101 605
138.151 605
138.202 605
138.252 605
138.303 605
138.353 605
138.404 605
138.454 605
138.504 605
138.555 605
138.605 605
138.656 605
138.706 605
138.757 605
138.807 605
138.857 605
138.908 605
138.958 605
139.009 605
139.059 605
139.11 605
139.16 605
139.211 605
139.261 605
139.311 605
139.362 605
139.412 605
139.463 605
139.513 605
139.564 605
139.614 605
139.664 605
139.715 605
139.765 605
139.816 605
139.866 605
139.917 605
139.967 605
140.017 605
140.068 605
140.118 605
140.169 605
140.219 605
140.27 605
140.32 605
140.37 605
140.421 605
140.471 605
140.522 605
140.572 605
140.623 605
140.673 605
140.723 605
140.774 605
140.824 605
140.875 605
140.925 605
140.976 605
141.026 605
141.076 605
141.127 605
141.177 605
141.228 605
141.278 605
141.329 605
141.379 605
141.43 605
141.48 605
141.53 605
141.581 605
141.631 605
141.682 605
141.732 605
141.783 605
141.833 605
141.883 605
141.934 605
141.984 605
142.035 605
142.085 605
142.136 605
142.186 605
142.236 605
142.287 605
142.337 605
142.388 605
142.438 605
142.489 605
142.539 605
142.589 605
142.64 605
142.69 605
142.741 605
142.791 605
142.842 605
142.892 605
142.942 605
142.993 605
143.043 605
143.094 605
143.144 605
143.195 605
143.245 605
143.295 605
143.346 605
143.396 605
143.447 605
143.497 605
143.548 605
143.598 605
143.649 605
143.699 605
143.749 605
143.8 605
143.85 605
143.901 605
143.951 605
144.002 605
144.052 605
144.102 605
144.153 605
144.203 605
144.254 605
144.304 605
144.355 605
144.405 605
144.455 605
144.506 605
144.556 605
144.607 605
144.657 605
144.708 605
144.758 605
144.808 605
144.859 605
144.909 605
144.96 605
145.01 605
145.061 605
145.111 605
145.161 605
145.212 605
145.262 605
145.313 605
145.363 605
145.414 605
145.464 605
145.515 605
145.565 605
145.615 605
145.666 605
145.716 605
145.767 605
145.817 605
145.868 605
145.918 605
145.968 605
146.019 605
146.069 605
146.12 605
146.17 605
146.221 605
146.271 605
146.321 605
146.372 605
146.422 605
146.473 605
146.523 605
146.574 605
146.624 605
146.674 605
146.725 605
146.775 605
146.826 605
146.876 605
146.927 605
146.977 605
147.027 605
147.078 605
147.128 605
147.179 605
147.229 605
147.28 605
147.33 605
147.38 605
147.431 605
147.481 605
147.532 605
147.582 605
147.633 605
147.683 605
147.734 605
147.784 605
147.834 605
147.885 605
147.935 605
147.986 605
148.036 605
148.087 605
148.137 605
148.187 605
148.238 605
148.288 605
148.339 605
148.389 605
148.44 605
148.49 605
148.54 605
148.591 605
148.641 605
148.692 605
148.742 605
148.793 605
148.843 605
148.893 605
148.944 605
148.994 605
149.045 605
149.095 605
149.146 605
149.196 605
149.246 605
149.297 605
149.347 605
149.398 605
149.448 605
149.499 605
149.549 605
149.599 605
149.65 605
149.7 605
149.751 605
149.801 605
149.852 605
149.902 605
149.953 605
150.003 605
150.053 605
150.104 605
150.154 605
150.205 605
150.255 605
150.306 605
150.356 605
150.406 605
150.457 605
150.507 605
150.558 605
150.608 605
150.659 605
150.709 605
150.759 605
150.81 605
150.86 605
150.911 605
150.961 605
151.012 605
151.062 605
151.112 605
151.163 605
151.213 605
151.264 605
151.314 605
151.365 605
151.415 605
151.465 605
151.516 605
151.566 605
151.617 605
151.667 605
151.718 605
151.768 605
151.819 605
151.869 605
151.919 605
151.97 605
152.02 605
152.071 605
152.121 605
152.172 605
152.222 605
152.272 605
152.323 605
152.373 605
152.424 605
152.474 605
152.525 605
152.575 605
152.625 605
152.676 605
152.726 605
152.777 605
152.827 605
152.878 605
152.928 605
152.978 605
153.029 605
153.079 605
153.13 605
153.18 605
153.231 605
153.281 605
153.331 605
153.382 605
153.432 605
153.483 605
153.533 605
153.584 605
153.634 605
153.684 605
153.735 605
153.785 605
153.836 605
153.886 605
153.937 605
153.987 605
154.038 605
154.088 605
154.138 605
154.189 605
154.239 605
154.29 605
154.34 605
154.391 605
154.441 605
154.491 605
154.542 605
154.592 605
154.643 605
154.693 605
154.744 605
154.794 605
154.844 605
154.895 605
154.945 605
154.996 605
155.046 605
155.097 605
155.147 605
155.197 605
155.248 605
155.298 605
155.349 605
155.399 605
155.45 605
155.5 605
155.55 605
155.601 605
155.651 605
155.702 605
155.752 605
155.803 605
155.853 605
155.903 605
155.954 605
156.004 605
156.055 605
156.105 605
156.156 605
156.206 605
156.257 605
156.307 605
156.357 605
156.408 605
156.458 605
156.509 605
156.559 605
156.61 605
156.66 605
156.71 605
156.761 605
156.811 605
156.862 605
156.912 605
156.963 605
157.013 605
157.063 605
157.114 605
157.164 605
157.215 605
157.265 605
157.316 605
158.501 598
158.551 599
158.602 606
158.652 619
158.702 636
158.753 657
158.803 682
158.854 711
158.904 742
158.955 775
159.005 810
159.055 848
159.106 817
159.156 791
159.207 768
159.257 747
159.308 729
159.358 714
159.409 700
159.459 688
159.509 678
159.56 669
159.61 661
159.661 654
159.711 648
159.762 642
159.812 637
159.862 633
159.913 630
159.963 627
160.014 624
160.064 622
160.115 619
160.165 618
160.215 616
160.266 615
160.316 613
160.367 612
160.417 611
160.468 611
160.518 610
160.568 609
160.619 609
160.669 608
160.72 608
160.77 607
160.821 607
160.871 607
160.921 606
160.972 606
161.022 606
161.073 606
161.123 606
161.174 606
161.224 606
161.275 605
161.325 605
161.375 605
161.426 605
161.476 605
161.527 605
161.577 605
161.628 605
161.678 605
161.728 605
161.779 605
161.829 605
161.88 605
161.93 605
161.981 605
162.031 605
162.081 605
162.132 605
162.182 605
162.233 605
162.283 605
162.334 605
162.384 605
162.434 605
162.485 605
162.535 605
162.586 605
162.636 605
162.687 605
162.737 605
162.787 605
162.838 605
162.888 605
162.939 605
162.989 605
163.04 605
163.09 605
163.14 605
163.191 605
163.241 605
163.292 605
163.342 605
163.393 605
163.443 605
163.494 605
163.544 605
163.594 605
163.645 605
163.695 605
163.746 605
163.796 605
163.847 605
163.897 605
163.947 605
163.998 605
164.048 605
164.099 605
164.149 605
164.2 605
164.25 605
164.3 605
164.351 605
164.401 605
164.452 605
164.502 605
164.553 605
164.603 605
164.653 605
164.704 605
164.754 605
164.805 605
164.855 605
164.906 605
164.956 605
165.006 605
165.057 605
165.107 605
165.158 605
165.208 605
165.259 605
165.309 605
165.359 605
165.41 605
165.46 605
165.511 605
165.561 605
165.612 605
165.662 605
165.713 605
165.763 605
165.813 605
165.864 605
165.914 605
165.965 605
166.015 605
166.066 605
166.116 605
166.166 605
166.217 605
166.267 605
166.318 605
166.368 605
166.419 605
166.469 605
166.519 605
166.57 605
166.62 605
166.671 605
166.721 605
166.772 605
166.822 605
166.872 605
166.923 605
166.973 605
167.024 605
167.074 605
167.125 605
167.175 605
167.225 605
167.276 605
167.326 605
167.377 605
167.427 605
167.478 605
167.528 605
167.579 605
167.629 605
167.679 605
167.73 605
167.78 605
167.831 605
167.881 605
167.932 605
167.982 605
168.032 605
168.083 605
168.133 605
168.184 605
168.234 605
168.285 605
168.335 605
168.385 605
168.436 605
168.486 605
168.537 605
168.587 605
169.772 598
169.823 599
169.873 606
169.924 619
169.974 636
170.024 657
170.075 682
170.125 710
170.176 741
170.226 775
170.277 810
170.327 848
170.377 817
170.428 791
170.478 767
170.529 747
170.579 729
170.63 714
170.68 700
170.731 688
170.781 678
170.831 669
170.882 661
170.932 654
170.983 647
171.033 642
171.084 637
171.134 633
171.184 630
171.235 627
171.285 624
171.336 621
171.386 619
171.437 618
171.487 616
171.537 614
171.588 613
171.638 612
171.689 611
171.739 610
171.79 610
171.84 609
171.89 609
171.941 608
171.991 608
172.042 607
172.092 607
172.143 607
172.193 607
172.243 606
172.294 606
172.344 606
172.395 606
172.445 606
172.496 605
172.546 605
172.596 605
172.647 605
172.697 605
172.748 605
172.798 605
172.849 605
172.899 605
172.95 605
173 605
173.05 605
173.101 605
173.151 605
173.202 605
173.252 605
173.303 605
173.353 605
173.403 605
173.454 605
173.504 605
173.555 605
173.605 605
173.656 605
173.706 605
173.756 605
173.807 605
173.857 605
173.908 605
173.958 605
174.009 605
174.059 605
174.109 605
174.16 605
174.21 605
174.261 605
174.311 605
174.362 605
174.412 605
174.462 605
174.513 605
174.563 605
174.614 605
174.664 605
174.715 605
174.765 605
174.815 605
174.866 605
174.916 605
174.967 605
175.017 605
175.068 605
175.118 605
175.169 605
175.219 605
175.269 605
175.32 605
175.37 605
175.421 605
175.471 605
175.522 605
175.572 605
175.622 605
175.673 605
175.723 605
175.774 605
175.824 605
175.875 605
175.925 605
175.975 605
176.026 605
176.076 605
176.127 605
176.177 605
176.228 605
176.278 605
176.328 605
176.379 605
176.429 605
176.48 605
176.53 605
176.581 605
176.631 605
176.681 605
176.732 605
176.782 605
176.833 605
176.883 605
176.934 605
176.984 605
177.035 605
177.085 605
177.135 605
177.186 605
177.236 605
177.287 605
177.337 605
177.388 605
177.438 605
177.488 605
177.539 605
177.589 605
177.64 605
177.69 605
177.741 605
177.791 605
177.841 605
177.892 605
177.942 605
177.993 605
178.043 605
178.094 605
178.144 605
178.194 605
178.245 605
178.295 605
178.346 605
178.396 605
178.447 605
178.497 605
178.547 605
178.598 605
178.648 605
178.699 605
178.749 605
178.8 605
178.85 605
178.9 605
178.951 605
179.001 605
179.052 605
179.102 605
179.153 605
179.203 605
179.254 605
179.304 605
179.354 605
179.405 605
179.455 605
179.506 605
179.556 605
179.607 605
179.657 605
179.707 605
179.758 605
179.808 605
179.859 605
179.909 605
179.96 605
180.01 605
180.06 605
180.111 605
180.161 605
180.212 605
180.262 605
180.313 605
180.363 605
180.413 605
180.464 605
180.514 605
180.565 605
180.615 605
180.666 605
180.716 605
180.766 605
180.817 605
180.867 605
180.918 605
180.968 605
181.019 605
181.069 605
181.119 605
181.17 605
181.22 605
181.271 605
181.321 605
181.372 605
181.422 605
181.473 605
181.523 605
181.573 605
181.624 605
181.674 605
181.725 605
181.775 605
181.826 605
181.876 605
181.926 605
181.977 605
182.027 605
182.078 605
182.128 605
182.179 605
182.229 605
182.279 605
182.33 605
182.38 605
182.431 605
182.481 605
182.532 605
182.582 605
182.632 605
182.683 605
182.733 605
182.784 605
182.834 605
182.885 605
182.935 605
182.985 605
183.036 605
183.086 605
183.137 605
183.187 605
183.238 605
183.288 605
183.339 605
183.389 605
183.439 605
183.49 605
183.54 605
183.591 605
183.641 605
183.692 605
183.742 605
183.792 605
183.843 605
183.893 605
183.944 605
183.994 605
184.045 605
184.095 605
184.145 605
184.196 605
184.246 605
184.297 605
184.347 605
184.398 605
184.448 605
184.498 605
184.549 605
184.599 605
184.65 605
184.7 605
184.751 605
184.801 605
184.851 605
184.902 605
184.952 605
185.003 605
185.053 605
185.104 605
185.154 605
185.204 605
185.255 605
185.305 605
185.356 605
185.406 605
185.457 605
185.507 605
185.558 605
185.608 605
185.658 605
185.709 605
185.759 605
185.81 605
185.86 605
185.911 605
185.961 605
186.011 605
186.062 605
186.112 605
186.163 605
186.213 605
186.264 605
186.314 605
186.364 605
186.415 605
186.465 605
186.516 605
186.566 605
186.617 605
186.667 605
186.717 605
186.768 605
186.818 605
186.869 605
186.919 605
186.97 605
187.02 605
187.07 605
187.121 605
187.171 605
187.222 605
187.272 605
187.323 605
187.373 605
187.423 605
187.474 605
187.524 605
187.575 605
187.625 605
187.676 605
187.726 605
187.777 605
187.827 605
187.877 605
187.928 605
187.978 605
188.029 605
188.079 605
188.13 605
188.18 605
188.23 605
188.281 605
188.331 605
188.382 605
188.432 605
188.483 605
188.533 605
188.583 605
188.634 605
188.684 605
188.735 605
188.785 605
188.836 605
188.886 605
188.936 605
188.987 605
189.037 605
189.088 605
189.138 605
189.189 605
189.239 605
189.289 605
189.34 605
189.39 605
189.441 605
189.491 605
189.542 605
189.592 605
189.643 605
189.693 605
189.743 605
189.794 605
189.844 605
189.895 605
189.945 605
189.996 605
190.046 605
190.096 605
190.147 605
190.197 605
190.248 605
190.298 605
190.349 605
190.399 605
190.449 605
190.5 605
190.55 605
190.601 605
190.651 605
190.702 605
190.752 605
190.802 605
190.853 605
190.903 605
190.954 605
191.004 605
191.055 605
191.105 605
191.155 605
191.206 605
191.256 605
191.307 605
191.357 605
191.408 605
191.458 605
191.508 605
191.559 605
191.609 605
191.66 605
191.71 605
191.761 605
191.811 605
191.862 605
191.912 605
191.962 605
192.013 605
192.063 605
192.114 605
192.164 605
192.215 605
192.265 605
192.315 605
192.366 605
192.416 605
192.467 605
192.517 605
192.568 605
192.618 605
192.668 605
192.719 605
192.769 605
192.82 605
192.87 605
192.921 605
192.971 605
193.021 605
193.072 605
193.122 605
193.173 605
193.223 605
193.274 605
193.324 605
193.374 605
193.425 605
193.475 605
193.526 605
193.576 605
193.627 605
193.677 605
193.727 605
193.778 605
193.828 605
193.879 605
193.929 605
193.98 605
194.03 605
194.081 605
194.131 605
194.181 605
194.232 605
194.282 605
194.333 605
194.383 605
194.434 605
194.484 605
194.534 605
194.585 605
194.635 605
194.686 605
194.736 605
194.787 605
194.837 605
194.887 605
194.938 605
194.988 605
195.039 605
195.089 605
195.14 605
195.19 605
195.24 605
195.291 605
195.341 605
195.392 605
195.442 605
195.493 605
195.543 605
195.593 605
195.644 605
195.694 605
195.745 605
195.795 605
195.846 605
195.896 605
195.947 605
195.997 605
196.047 605
196.098 605
196.148 605
196.199 605
196.249 605
196.3 605
196.35 605
196.4 605
196.451 605
196.501 605
196.552 605
196.602 605
196.653 605
196.703 605
196.753 605
196.804 605
196.854 605
196.905 605
196.955 605
197.006 605
197.056 605
197.106 605
197.157 605
197.207 605
197.258 605
197.308 605
197.359 605
197.409 605
197.459 605
197.51 605
197.56 605
197.611 605
197.661 605
197.712 605
197.762 605
197.812 605
197.863 605
197.913 605
197.964 605
198.014 605
198.065 605
198.115 605
198.166 605
198.216 605
198.266 605
198.317 605
198.367 605
198.418 605
198.468 605
198.519 605
198.569 605
198.619 605
198.67 605
198.72 605
198.771 605
198.821 605
198.872 605
198.922 605
198.972 605
199.023 605
199.073 605
199.124 605
199.174 605
199.225 605
199.275 605
199.325 605
199.376 605
199.426 605
199.477 605
199.527 605
199.578 605
199.628 605
199.678 605
199.729 605
199.779 605
199.83 605
199.88 605
199.931 605
199.981 605
200.031 605
200.082 605
200.132 605
200.183 605
200.233 605
200.284 605
200.334 605
200.385 605
200.435 605
200.485 605
200.536 605
200.586 605
200.637 605
200.687 605
200.738 605
200.788 605
200.838 605
200.889 605
200.939 605
200.99 605
201.04 605
201.091 605
201.141 605
201.191 605
201.242 605
201.292 605
201.343 605
201.393 605
201.444 605
201.494 605
201.544 605
201.595 605
201.645 605
201.696 605
201.746 605
201.797 605
201.847 605
201.897 605
201.948 605
201.998 605
202.049 605
202.099 605
202.15 605
202.2 605
202.251 605
202.301 605
202.351 605
202.402 605
202.452 605
202.503 605
202.553 605
202.604 605
202.654 605
202.704 605
202.755 605
202.805 605
202.856 605
202.906 605
202.957 605
203.007 605
203.057 605
203.108 605
203.158 605
203.209 605
203.259 605
203.31 605
203.36 605
203.41 605
203.461 605
203.511 605
203.562 605
203.612 605
203.663 605
203.713 605
203.763 605
203.814 605
203.864 605
203.915 605
203.965 605
204.016 605
204.066 605
204.116 605
204.167 605
204.217 605
204.268 605
204.318 605
204.369 605
204.419 605
204.47 605
204.52 605
204.57 605
204.621 605
204.671 605
204.722 605
204.772 605
204.823 605
204.873 605
204.923 605
204.974 605
205.024 605
205.075 605
205.125 605
205.176 605
205.226 605
205.276 605
205.327 605
205.377 605
205.428 605
205.478 605
205.529 605
205.579 605
205.629 605
205.68 605
205.73 605
205.781 605
205.831 605
205.882 605
205.932 605
205.982 605
206.033 605
206.083 605
206.134 605
206.184 605
206.235 605
206.285 605
206.335 605
206.386 605
206.436 605
206.487 605
206.537 605
206.588 605
206.638 605
206.689 605
206.739 605
206.789 605
206.84 605
206.89 605
206.941 605
206.991 605
207.042 605
207.092 605
207.142 605
207.193 605
207.243 605
207.294 605
207.344 605
207.395 605
207.445 605
207.495 605
207.546 605
207.596 605
207.647 605
207.697 605
207.748 605
207.798 605
207.848 605
207.899 605
208 605
208.05 605
208.101 605
208.151 605
208.201 605
208.252 605
208.302 605
208.353 605
208.403 605
208.454 605
208.504 605
208.555 598
208.605 599
208.655 600
208.706 600
208.756 601
208.807 601
208.857 602
208.908 602
208.958 603
209.008 603
209.059 603
209.109 603
209.16 603
209.21 604
209.261 604
209.311 604
209.361 604
209.412 604
209.462 604
209.513 604
209.563 604
209.614 604
209.664 604
209.714 604
209.765 604
209.815 604
209.866 604
209.916 605
209.967 605
210.017 605
210.067 605
210.118 605
210.168 605
210.219 605
210.269 605
210.32 605
210.37 605
210.42 605
210.471 605
210.521 605
210.572 605
210.622 605
210.673 605
210.723 605
210.774 605
210.824 605
210.874 605
210.925 605
210.975 605
211.026 605
211.076 605
211.127 605
211.177 605
211.227 605
211.278 605
211.328 605
211.379 605
211.429 605
211.48 605
211.53 605
211.58 605
211.631 605
211.681 605
211.732 605
211.782 605
211.833 605
211.883 605
211.933 605
211.984 605
212.034 605
212.085 605
212.135 605
212.186 605
212.236 605
212.286 605
212.337 605
212.387 605
212.438 605
212.488 605
212.539 605
212.589 605
212.639 605
212.69 605
212.74 605
212.791 605
212.841 605
212.892 605
212.942 605
212.993 605
213.043 605
213.093 605
213.144 605
213.194 605
213.245 605
213.295 605
213.346 605
213.396 605
213.446 605
213.497 605
213.547 605
213.598 605
213.648 605
213.699 605
213.749 605
213.799 605
213.85 605
213.9 605
213.951 605
214.001 605
214.052 605
214.102 605
214.152 605
214.203 605
214.253 605
214.304 605
214.354 605
214.405 605
214.455 605
214.505 605
214.556 605
214.606 605
214.657 605
214.707 605
214.758 605
214.808 605
214.859 605
214.909 605
214.959 605
215.01 605
215.06 605
215.111 605
215.161 605
215.212 605
215.262 605
215.312 605
215.363 605
215.413 605
215.464 605
215.514 605
215.565 605
215.615 605
215.665 605
215.716 605
215.766 605
215.817 605
215.867 605
215.918 605
215.968 605
216.018 605
216.069 605
216.119 605
216.17 605
216.22 605
216.271 605
216.321 605
216.371 605
216.422 605
216.472 605
216.523 605
216.573 605
216.624 605
216.674 605
216.724 605
216.775 605
216.825 605
216.876 605
216.926 605
216.977 605
217.027 605
217.078 605
217.128 605
217.178 605
217.229 605
217.279 605
217.33 605
217.38 605
217.431 605
217.481 605
217.531 605
217.582 605
217.632 605
217.683 605
217.733 605
217.784 605
217.834 605
217.884 605
217.935 605
217.985 605
218.036 605
218.086 605
218.137 605
218.187 605
218.237 605
218.288 605
218.338 605
218.389 605
218.439 605
218.49 605
218.54 605
218.59 605
218.641 605
218.691 605
218.742 605
218.792 605
218.843 605
218.893 605
218.943 605
218.994 605
219.044 605
219.095 605
219.145 605
219.196 605
219.246 605
219.297 605
219.347 605
219.397 605
219.448 605
219.498 605
219.549 605
219.599 605
219.65 605
219.7 605
219.75 605
219.801 605
219.851 605
219.902 605
219.952 605
220.003 605
220.053 605
220.103 605
220.154 605
220.204 605
220.255 605
220.305 605
220.356 605
220.406 605
220.456 605
220.507 605
220.557 605
220.608 605
220.658 605
220.709 605
220.759 605
220.809 605
220.86 605
220.91 605
220.961 605
221.011 605
221.062 605
221.112 605
221.163 605
221.213 605
221.263 605
221.314 605
221.364 605
221.415 605
221.465 605
221.516 605
221.566 605
221.616 605
221.667 605
221.717 605
221.768 605
221.818 605
221.869 605
221.919 605
221.969 605
222.02 605
222.07 605
222.121 605
222.171 605
222.222 605
222.272 605
222.322 605
222.373 605
222.423 605
222.474 605
222.524 605
222.575 605
222.625 605
222.675 605
222.726 605
222.776 605
222.827 605
222.877 605
222.928 605
222.978 605
223.028 605
223.079 605
223.129 605
223.18 605
223.23 605
223.281 605
223.331 605
223.382 605
223.432 605
223.482 605
223.533 605
223.583 605
223.634 605
223.684 605
223.735 605
223.785 605
223.835 605
223.886 605
223.936 605
223.987 605
224.037 605
224.088 605
224.138 605
224.188 605
224.239 605
224.289 605
224.34 605
224.39 605
224.441 605
224.491 605
224.541 605
224.592 605
224.642 605
224.693 605
224.743 605
224.794 605
224.844 605
224.894 605
224.945 605
224.995 605
225.046 605
225.096 605
225.147 605
225.197 605
225.247 605
225.298 605
225.348 605
225.399 605
225.449 605
225.5 605
225.55 605
225.601 605
225.651 605
225.701 605
225.752 605
225.802 605
225.853 605
225.903 605
225.954 605
226.004 605
226.054 605
226.105 605
226.155 605
226.206 605
226.256 605
226.307 605
226.357 605
226.407 605
226.458 605
226.508 605
226.559 605
226.609 605
226.66 605
226.71 605
226.76 605
226.811 605
226.861 605
226.912 605
226.962 605
227.013 605
227.063 605
227.113 605
227.164 605
227.214 605
227.265 605
227.315 605
227.366 605
227.416 605
227.467 605
227.517 605
227.567 605
227.618 605
227.668 605
227.719 605
227.769 605
227.82 605
227.87 605
227.92 605
227.971 605
228.021 605
228.072 605
228.122 605
228.173 605
228.223 605
228.273 605
228.324 605
228.374 605
228.425 605
228.475 605
228.526 605
228.576 605
228.626 605
228.677 605
228.727 605
228.778 605
228.828 605
228.879 605
228.929 605
228.979 605
229.03 605
229.08 605
229.131 605
229.181 605
229.232 605
229.282 605
229.332 605
229.383 605
229.433 605
229.484 605
229.534 605
229.585 605
229.635 605
229.686 605
229.736 605
229.786 605
229.837 605
229.887 605
229.938 605
229.988 605
230.039 605
230.089 605
230.139 605
230.19 605
230.24 605
230.291 605
230.341 605
230.392 605
230.442 605
230.492 605
230.543 605
230.593 605
230.644 605
230.694 605
230.745 605
230.795 605
230.845 605
230.896 605
230.946 605
230.997 605
231.047 605
231.098 605
231.148 605
231.198 605
231.249 605
231.299 605
231.35 605
231.4 605
231.451 605
231.501 605
231.551 605
231.602 605
231.652 605
231.703 605
231.753 605
231.804 605
231.854 605
231.905 605
231.955 605
232.005 605
232.056 605
232.106 605
232.157 605
232.207 605
232.258 605
232.308 605
232.358 605
232.409 605
232.459 605
232.51 605
232.56 605
232.611 605
232.661 605
232.711 605
232.762 605
232.812 605
232.863 605
232.913 605
232.964 605
233.014 605
233.064 605
233.115 605
233.165 605
233.216 605
233.266 605
233.317 605
233.367 605
233.417 605
233.468 605
233.518 605
233.569 605
233.619 605
233.67 605
233.72 605
233.771 605
233.821 605
233.871 605
233.922 605
233.972 605
234.023 605
234.073 605
234.124 605
234.174 605
234.224 605
234.275 605
234.325 605
234.376 605
234.426 605
234.477 605
234.527 605
234.577 605
234.628 605
234.678 605
234.729 605
234.779 605
234.83 605
234.88 605
234.93 605
234.981 605
235.031 605
235.082 605
235.132 605
235.183 605
235.233 605
235.283 605
235.334 605
235.384 605
235.435 605
235.485 605
235.536 605
235.586 605
235.636 605
235.687 605
235.737 605
235.788 605
235.838 605
235.889 605
235.939 605
235.99 605
236.04 605
236.09 605
236.141 605
236.191 605
236.242 605
236.292 605
236.343 605
236.393 605
236.443 605
236.494 605
236.544 605
236.595 605
236.645 605
236.696 605
236.746 605
236.796 605
236.847 605
236.897 605
236.948 605
236.998 605
237.049 605
237.099 605
237.149 605
237.2 605
237.25 605
237.301 605
237.351 605
237.402 605
237.452 605
237.502 605
237.553 605
237.603 605
