0.19764 85
0.248072 95
0.298504 110
0.348936 130
0.399368 153
0.4498 180
0.500232 195
0.550664 209
0.601096 227
0.651528 242
0.70196 262
0.752392 280
0.802824 302
0.853256 321
0.903688 344
0.95412 364
1.00455 387
1.05498 408
1.10542 433
1.15585 454
1.20628 473
1.25671 489
1.30714 504
1.35758 517
1.40801 528
1.45844 537
1.50887 546
1.5593 553
1.60974 559
1.66017 565
1.7106 570
1.76103 575
1.81146 578
1.8619 582
1.91233 584
1.96276 587
2.01319 589
2.06362 591
2.11406 593
2.16449 594
2.21492 596
2.26535 597
2.31578 598
2.36622 599
2.41665 599
2.46708 600
2.51751 601
2.56794 601
2.61838 602
2.66881 602
2.71924 602
2.76967 603
2.8201 603
2.87054 603
2.92097 603
2.9714 603
3.02183 604
3.07226 604
3.1227 604
3.17313 604
3.22356 604
3.27399 604
3.32442 604
3.37486 604
3.42529 604
3.47572 604
3.52615 604
3.57658 604
3.62702 605
3.67745 605
3.72788 605
3.77831 605
3.82874 605
3.87918 605
3.92961 605
3.98004 605
4.03047 605
4.0809 605
4.13134 605
4.18177 605
4.2322 605
4.28263 605
4.33306 605
4.3835 605
4.43393 605
4.48436 605
4.53479 605
4.58522 605
4.63566 605
4.68609 605
4.73652 605
4.78695 605
4.83738 605
4.88782 605
4.93825 605
4.98868 605
5.03911 605
5.08954 605
5.13998 605
5.19041 605
5.24084 605
5.29127 605
5.3417 605
5.39214 605
5.44257 605
5.493 605
5.54343 605
5.59386 605
5.6443 605
5.69473 605
5.74516 605
5.79559 605
5.84602 605
5.89646 605
5.94689 605
5.99732 605
6.04775 605
6.09818 605
6.14862 605
6.19905 605
6.24948 605
6.29991 605
6.35034 605
6.40078 605
6.45121 605
6.50164 605
6.55207 605
6.6025 605
6.65294 605
6.70337 605
6.7538 605
6.80423 605
6.85466 605
6.9051 605
6.95553 605
7.00596 605
7.05639 605
7.10682 605
7.15726 605
7.20769 605
7.25812 605
7.30855 605
7.35898 605
7.40942 605
7.45985 605
7.51028 605
7.56071 605
7.61114 605
7.66158 605
7.73799 608
8.87194 604
8.92238 608
8.97281 617
9.02324 631
9.07367 650
9.1241 673
9.17454 699
9.22497 728
9.2754 760
9.32583 794
10.511 764
10.5614 744
10.6118 733
10.6623 730
10.7127 733
10.7631 742
10.8136 756
10.864 775
10.9144 798
10.9649 824
11.0153 853
11.0657 885
11.1162 850
11.1666 820
11.217 793
11.2675 769
11.3179 749
11.3683 731
11.4188 715
11.4692 701
11.5196 689
11.5701 679
11.6205 669
11.6709 661
11.7214 654
11.7718 648
11.8222 643
11.8726 638
11.9231 634
11.9735 630
12.0239 627
12.0744 624
12.1248 622
12.1752 619
12.2257 618
12.2761 616
12.3265 615
12.377 613
12.4274 612
12.4778 611
12.5283 610
12.5787 610
12.6291 609
12.6796 609
12.73 608
12.7804 608
12.8309 607
12.8813 607
12.9317 607
12.9822 606
13.0326 606
13.083 606
13.1334 606
13.1839 606
13.2343 606
13.2847 605
13.3352 605
13.3856 605
13.436 605
13.4865 605
13.5369 605
13.5873 605
13.6378 605
13.6882 605
13.7386 605
13.7891 605
13.8395 605
13.8899 605
13.9404 605
13.9908 605
14.0412 605
14.0917 605
14.1421 605
14.1925 605
14.243 605
14.2934 605
14.3438 605
14.3942 605
14.4447 605
14.4951 605
14.5455 605
14.596 605
14.6464 605
14.6968 605
14.7473 605
14.7977 605
14.8481 605
14.8986 605
14.949 605
14.9994 605
15.0499 605
15.1003 605
15.1507 605
15.2012 605
15.2516 605
15.302 605
15.3525 605
15.4029 605
15.4533 605
15.5038 605
15.5542 605
15.6046 605
15.655 605
15.7055 605
15.7559 605
15.8063 605
15.8568 605
15.9072 605
15.9576 605
16.0081 605
16.0585 605
16.1089 605
16.1594 605
16.2098 605
16.2602 605
16.3107 605
16.3611 605
16.4115 605
16.462 605
16.5124 605
16.5628 605
16.6133 605
16.6637 605
16.7141 605
16.7646 605
16.815 605
16.8654 605
16.9158 605
16.9663 605
17.0167 605
17.0671 605
17.1176 605
17.168 605
17.2184 605
17.2689 605
17.3193 605
17.3697 605
17.4202 605
17.4706 605
17.521 605
17.5715 605
17.6219 605
17.6723 605
17.7228 605
17.7732 605
17.8236 605
17.8741 605
17.9245 605
17.9749 605
18.0254 605
18.0758 605
18.1262 605
18.1766 605
18.2271 605
18.2775 605
18.3279 605
18.3784 605
18.4288 605
18.4792 605
18.5297 605
18.5801 605
18.6305 605
18.681 605
18.7314 605
18.7818 605
18.8323 605
18.8827 605
18.9331 605
18.9836 605
19.034 605
19.0844 605
19.1349 605
19.1853 605
19.2357 605
19.2862 605
19.3366 605
19.387 605
19.4374 605
19.4879 605
19.5383 605
19.5887 605
19.6392 605
19.6896 605
19.74 605
19.7905 605
19.8409 605
19.8913 605
19.9418 605
19.9922 605
20.0426 605
20.0931 605
20.1435 605
20.1939 605
20.2444 605
20.2948 605
20.3452 605
20.3957 605
20.4461 605
20.4965 605
20.547 605
20.5974 605
20.6478 605
20.6982 605
20.7487 605
20.7991 605
20.8495 605
20.9 605
20.9504 605
21.0008 605
21.0513 605
21.1017 605
21.1521 605
21.2026 605
21.253 605
21.3034 605
21.3539 605
21.4043 605
21.4547 605
21.5052 605
21.5556 605
21.606 605
21.6565 605
21.7069 605
21.7573 605
21.8078 605
21.8582 605
21.9086 605
21.959 605
22.0095 605
22.0599 605
22.1103 605
22.1608 605
22.2112 605
22.2616 605
22.3121 605
22.3625 605
22.4129 605
22.4634 605
22.5138 605
22.5642 605
22.6147 605
22.6651 605
22.7155 605
22.766 605
22.8164 605
22.8668 605
22.9173 605
22.9677 605
23.0181 605
23.0686 605
23.119 605
23.1694 605
23.2198 605
23.2703 605
23.3207 605
23.3711 605
23.4216 605
23.472 605
23.5224 605
23.5729 605
23.6233 605
23.6737 605
23.7242 605
23.7746 605
23.825 605
23.8755 605
23.9259 605
23.9763 605
24.0268 605
24.0772 605
24.1276 605
24.1781 605
24.2285 605
24.2789 605
24.3294 605
24.3798 605
24.4302 605
24.4806 605
24.5311 605
24.5815 605
24.6319 605
24.6824 605
24.7328 605
24.7832 605
24.8337 605
24.8841 605
24.9345 605
24.985 605
25.0354 605
25.0858 605
25.1363 605
25.1867 605
25.2371 605
25.2876 605
25.338 605
25.3884 605
25.4389 605
25.4893 605
25.5397 605
25.5902 605
25.6406 605
25.691 605
25.7414 605
25.7919 605
25.8423 605
25.8927 605
25.9432 605
26.044 605
26.0945 605
26.1449 605
26.1953 605
26.2458 605
26.2962 605
26.3466 605
26.3971 605
26.4475 605
26.4979 605
26.5484 605
26.5988 598
26.6492 599
26.6997 600
26.7501 600
26.8005 601
26.851 601
26.9014 602
26.9518 602
27.0022 602
27.0527 603
27.1031 603
27.1535 603
27.204 603
27.2544 604
27.3048 604
27.3553 604
27.4057 604
27.4561 604
27.5066 604
27.557 604
27.6074 604
27.6579 604
27.7083 604
27.7587 604
27.8092 605
27.8596 605
27.91 605
27.9605 605
28.0109 605
28.0613 605
28.1118 605
28.1622 605
28.2126 605
28.263 605
28.3135 605
28.3639 605
28.4143 605
28.4648 605
28.5152 605
28.5656 605
28.6161 605
28.6665 605
28.7169 605
28.7674 605
28.8178 605
28.8682 605
28.9187 605
28.9691 605
29.0195 605
29.07 605
29.1204 605
29.1708 605
29.2213 605
29.2717 605
29.3221 605
29.3726 605
29.423 605
29.4734 605
29.5238 605
29.5743 605
29.6247 605
29.6751 605
29.7256 605
29.776 605
29.8264 605
29.8769 605
29.9273 605
29.9777 605
30.0282 605
30.0786 605
30.129 605
30.1795 605
30.2299 605
30.2803 605
30.3308 605
30.3812 605
30.4316 605
30.4821 605
30.5325 605
30.5829 605
30.6334 605
30.6838 605
30.7342 605
30.7846 605
30.8351 605
30.9359 605
30.9864 605
31.0368 605
31.0872 605
31.1377 605
31.1881 605
31.2385 605
31.289 605
31.3394 605
31.3898 605
31.4403 605
31.4907 598
31.5411 599
31.5916 600
31.642 600
31.6924 601
31.7429 601
31.7933 602
31.8437 602
31.8942 603
31.9446 603
31.995 603
32.0454 603
32.0959 603
32.1463 604
32.1967 604
32.2472 604
32.2976 604
32.348 604
32.3985 604
32.4489 604
32.4993 604
32.5498 604
32.6002 604
32.6506 604
32.7011 605
32.7515 605
32.8019 605
32.8524 605
32.9028 605
32.9532 605
33.0037 605
33.0541 605
33.1045 605
33.155 605
33.2054 605
33.2558 605
33.3062 605
33.3567 605
33.4071 605
33.4575 605
33.508 605
33.5584 605
33.6088 605
33.6593 605
33.7097 605
33.7601 605
33.8106 605
33.861 605
33.9114 605
33.9619 605
34.0123 605
34.0627 605
34.1132 605
34.1636 605
34.214 605
34.2645 605
34.3149 605
34.3653 605
34.4158 605
34.4662 605
34.5166 605
34.567 605
34.6175 605
34.6679 605
34.7183 605
34.7688 605
34.8192 605
34.8696 605
34.9201 605
34.9705 605
35.0209 605
35.0714 605
35.1218 605
35.1722 605
35.2227 605
35.2731 605
35.3235 605
35.374 605
35.4244 605
35.4748 605
35.5253 605
35.5757 605
35.6261 605
35.6766 605
35.727 605
35.7774 605
35.8278 605
35.8783 605
35.9287 605
35.9791 605
36.0296 605
36.08 605
36.1304 605
36.1809 605
36.2313 605
36.2817 605
36.3322 605
36.3826 605
36.433 605
36.4835 605
36.5339 605
36.5843 605
36.6348 605
36.6852 605
36.7356 605
36.7861 605
36.8365 605
36.8869 605
36.9374 605
36.9878 605
37.0382 605
37.0886 605
37.1391 605
37.1895 605
37.2399 605
37.2904 605
37.3408 605
37.3912 605
37.4417 605
37.4921 605
37.5425 605
37.593 605
37.6434 605
37.6938 605
37.7443 605
37.7947 605
37.8451 605
37.8956 605
37.946 605
37.9964 605
38.0469 605
38.0973 605
38.1477 605
38.1982 605
38.2486 605
38.299 605
38.3494 605
38.3999 605
38.4503 605
38.5007 605
38.5512 605
38.6016 605
38.652 605
38.7025 605
38.7529 605
38.8033 605
38.8538 605
38.9042 605
38.9546 605
39.0051 605
39.0555 605
39.1059 605
39.1564 605
39.2068 605
39.2572 605
39.3077 605
39.3581 605
39.4085 605
39.459 605
39.5094 605
39.5598 605
39.6102 605
39.6607 605
39.7111 605
39.7615 605
39.812 605
39.8624 605
39.9128 605
39.9633 605
40.0137 605
40.0641 605
40.1146 605
40.165 605
40.2154 605
40.2659 605
40.3163 605
40.3667 605
40.4172 605
40.4676 605
40.518 605
40.5685 605
40.6189 605
40.6693 605
40.7198 605
40.7702 605
40.8206 605
40.871 605
40.9215 605
40.9719 605
41.0223 605
41.0728 605
41.1232 605
41.1736 605
41.2241 605
41.2745 605
41.3249 605
41.3754 605
41.4258 605
41.4762 605
41.5267 605
41.5771 605
41.6275 605
41.678 605
41.7284 605
41.7788 605
41.8293 605
41.8797 605
41.9301 605
41.9806 605
42.031 605
42.0814 605
42.1318 605
42.1823 605
42.2327 605
42.2831 605
42.3336 605
42.384 605
42.4344 605
42.4849 605
42.5353 605
42.5857 605
42.6362 605
42.6866 605
42.737 605
42.7875 605
43.9726 599
44.023 599
44.0735 606
44.1239 619
44.1743 636
44.2248 657
44.2752 682
44.3256 710
44.3761 741
44.4265 775
44.4769 810
44.5274 848
44.5778 817
44.6282 791
44.6787 767
44.7291 747
44.7795 729
44.83 714
44.8804 700
44.9308 688
44.9813 678
45.0317 669
45.0821 661
45.1326 654
45.183 647
45.2334 642
45.2838 637
45.3343 633
45.3847 630
45.4351 627
45.4856 624
45.536 622
45.5864 619
45.6369 618
45.6873 616
45.7377 615
45.7882 613
45.8386 612
45.889 611
45.9395 611
45.9899 610
46.0403 609
46.0908 609
46.1412 608
46.1916 608
46.2421 607
46.2925 607
46.3429 607
46.3934 606
46.4438 606
46.4942 606
46.5446 606
46.5951 606
46.6455 606
46.6959 605
46.7464 605
46.7968 605
46.8472 605
46.8977 605
46.9481 605
46.9985 605
47.049 605
47.0994 605
47.1498 605
47.2003 605
47.2507 605
47.3011 605
47.3516 605
47.402 605
47.4524 605
47.5029 605
47.5533 605
47.6037 605
47.6542 605
47.7046 605
47.755 605
47.8054 605
47.8559 605
47.9063 605
47.9567 605
48.0072 605
48.0576 605
48.108 605
48.1585 605
48.2089 605
48.2593 605
48.3098 605
48.3602 605
48.4106 605
48.4611 605
48.5115 605
48.5619 605
48.6124 605
48.6628 605
48.7132 605
48.7637 605
48.8141 605
48.8645 605
48.915 605
48.9654 605
49.0158 605
49.0662 605
49.1167 605
49.1671 605
49.2175 605
49.268 605
49.3184 605
49.3688 605
49.4193 605
49.4697 605
49.5201 605
49.5706 605
49.621 605
49.6714 605
49.7219 605
49.7723 605
49.8227 605
49.8732 605
49.9236 605
49.974 605
50.0245 605
50.0749 605
50.1253 605
50.1758 605
50.2262 605
50.2766 605
50.327 605
50.3775 605
50.4279 605
50.4783 605
50.5288 605
50.5792 605
50.6296 605
50.6801 605
50.7305 605
50.7809 605
50.8314 605
50.8818 605
50.9322 605
50.9827 605
51.0331 605
51.0835 605
51.134 605
51.1844 605
51.2348 605
51.2853 605
51.3357 605
51.3861 605
51.4366 605
51.487 605
51.5374 605
51.5878 605
51.6383 605
51.6887 605
51.7391 605
51.7896 605
51.84 605
51.8904 605
51.9409 605
51.9913 605
52.0417 605
52.0922 605
52.1426 605
52.193 605
52.2435 605
52.2939 605
52.3443 605
52.3948 605
52.4452 605
52.4956 605
52.5461 605
52.5965 605
52.6469 605
52.6974 605
52.7478 605
52.7982 605
52.8486 605
52.8991 605
52.9495 605
52.9999 605
53.0504 605
53.1008 605
53.1512 605
53.2017 605
53.2521 605
53.3025 605
53.353 605
53.4034 605
53.4538 605
53.5043 605
53.5547 605
53.6051 605
53.6556 605
53.706 605
53.7564 605
53.8069 605
53.8573 605
53.9077 605
53.9582 605
54.0086 605
54.059 605
54.1094 605
54.1599 605
54.2103 605
54.2607 605
54.3112 605
54.3616 605
54.412 605
54.4625 605
54.5129 605
54.5633 605
54.6138 605
54.6642 605
54.7146 605
54.7651 605
54.8155 605
54.8659 605
54.9164 605
54.9668 605
55.0172 605
55.0677 605
55.1181 605
55.1685 605
55.219 605
55.2694 605
55.3198 605
55.3702 605
55.4207 605
55.4711 605
55.5215 605
55.572 605
55.6224 605
55.6728 605
55.7233 605
55.7737 605
55.8241 605
55.8746 605
55.925 605
55.9754 605
56.0259 605
56.0763 605
56.1267 605
56.1772 605
56.2276 605
56.278 605
56.3285 605
56.3789 605
56.4293 605
56.4798 605
56.5302 605
56.5806 605
56.631 605
56.6815 605
56.7319 605
56.7823 605
56.8328 605
56.8832 605
56.9336 605
56.9841 605
57.0345 605
57.0849 605
57.1354 605
57.1858 605
57.2362 605
57.2867 605
57.3371 605
57.3875 605
57.438 605
57.4884 605
57.5388 605
57.5893 605
57.6397 605
57.6901 605
57.7406 605
57.791 605
57.8414 605
57.8918 605
57.9423 605
57.9927 605
58.0431 605
58.0936 605
58.144 605
58.1944 605
58.2449 605
58.2953 605
58.3457 605
58.3962 605
58.4466 605
58.497 605
58.5475 605
58.5979 605
58.6483 605
58.6988 605
58.7492 605
58.7996 605
58.8501 605
58.9005 605
58.9509 605
59.0014 605
59.0518 605
59.1022 605
59.1526 605
59.2031 605
59.2535 605
59.3039 605
59.3544 605
59.4048 605
59.4552 605
59.5057 605
59.5561 605
59.6065 605
59.657 605
59.7074 605
59.7578 605
59.8083 605
59.8587 605
59.9091 605
59.9596 605
60.01 605
60.0604 605
60.1109 605
60.1613 605
60.2117 605
60.2622 605
60.3126 605
60.363 605
60.4134 605
60.4639 605
60.5143 605
60.5647 605
60.6152 605
60.6656 605
60.716 605
60.7665 605
60.8169 605
60.8673 605
60.9178 605
60.9682 605
61.0186 605
61.0691 605
61.1195 605
61.1699 605
61.2204 605
61.2708 605
61.3212 605
61.3717 605
61.4221 605
61.4725 605
61.523 605
61.5734 605
61.6238 605
61.6742 605
61.7247 605
61.7751 605
61.8255 605
61.876 605
61.9264 605
61.9768 605
62.0273 605
62.0777 605
62.1281 605
62.1786 605
62.229 605
62.2794 605
62.3299 605
62.3803 605
62.4307 605
62.4812 605
62.5316 605
62.582 605
62.6325 605
62.6829 605
62.7333 605
62.7838 605
62.8342 605
62.8846 605
62.935 605
62.9855 605
63.0359 605
63.0863 605
63.1368 605
63.1872 605
63.2376 605
63.2881 605
63.3385 605
63.3889 605
63.4394 605
63.4898 605
63.5402 605
63.5907 605
63.6411 605
63.6915 605
63.742 605
63.7924 605
63.8428 605
63.8933 605
63.9437 605
63.9941 605
64.0446 605
64.095 605
64.1454 605
64.1958 605
64.2463 605
64.2967 605
64.3471 605
64.3976 605
64.448 605
64.4984 605
64.5489 605
64.5993 605
64.6497 605
64.7002 605
64.7506 605
64.801 605
64.8515 605
64.9019 605
64.9523 605
65.0028 605
65.0532 605
65.1036 605
65.1541 605
65.2045 605
65.2549 605
65.3054 605
65.3558 605
65.4062 605
65.4566 605
65.5071 605
65.5575 605
65.6079 605
65.6584 605
65.7088 605
65.7592 605
65.8097 605
65.8601 605
65.9105 605
65.961 605
66.0114 605
66.0618 605
66.1123 605
66.1627 605
66.2131 605
66.2636 605
66.314 605
66.3644 605
66.4149 605
66.4653 605
66.5157 605
66.5662 605
66.6166 605
66.667 605
66.7174 605
66.7679 605
66.8183 605
66.8687 605
66.9192 605
66.9696 605
67.02 605
67.0705 605
67.1209 605
67.1713 605
67.2218 605
67.2722 605
67.3226 605
67.3731 605
67.4235 605
67.4739 605
67.5244 605
67.5748 605
67.6252 605
67.6757 605
67.7261 605
67.7765 605
67.827 605
67.8774 605
67.9278 605
67.9782 605
68.0287 605
68.0791 605
68.1295 605
68.18 605
68.2304 605
68.2808 605
68.3313 605
68.3817 605
68.4321 605
68.4826 605
68.533 605
68.5834 605
68.6339 605
68.6843 605
68.7347 605
68.7852 605
68.8356 605
68.886 605
68.9365 605
68.9869 605
69.0373 605
69.0878 605
69.1382 605
69.1886 605
69.239 605
69.2895 605
69.3399 605
69.3903 605
69.4408 605
69.4912 605
69.5416 605
69.5921 605
69.6425 605
69.6929 605
69.7434 605
69.7938 605
69.8442 605
69.8947 605
69.9451 605
69.9955 605
70.046 605
70.0964 605
70.1468 605
70.1973 605
70.2477 605
70.2981 605
70.3486 605
70.399 605
70.4494 605
70.4998 605
70.5503 605
70.6007 605
70.6511 605
70.7016 605
70.752 605
70.8024 605
70.8529 605
70.9033 605
70.9537 605
71.0042 605
71.0546 605
71.105 605
71.1555 605
71.2059 605
71.2563 605
71.3068 605
71.3572 605
71.4076 605
71.4581 605
71.5085 605
71.5589 605
71.6094 605
71.6598 605
71.7102 605
71.7606 605
71.8111 605
71.8615 605
71.9119 605
71.9624 605
72.0128 605
72.0632 605
72.1137 605
72.1641 605
72.2145 605
72.265 605
72.3154 605
72.3658 605
72.4163 605
72.4667 605
72.5171 605
72.5676 605
72.618 605
72.6684 605
72.7189 605
72.7693 605
72.8197 605
72.8702 605
72.9206 605
72.971 605
73.0214 605
73.0719 605
73.1223 605
73.1727 605
73.2232 605
73.2736 605
73.324 605
73.3745 605
73.4249 605
73.4753 605
73.5258 605
73.5762 605
73.6266 605
73.6771 605
73.7275 605
73.7779 605
73.8284 605
73.8788 605
73.9292 605
73.9797 605
74.0301 605
74.0805 605
74.131 605
74.1814 605
74.2318 605
74.2822 605
74.3327 605
74.3831 605
74.4335 605
74.484 605
74.5344 605
74.5848 605
74.6353 605
74.6857 605
74.7361 605
74.7866 605
74.837 605
74.8874 605
74.9379 605
74.9883 605
75.0387 605
75.0892 605
75.1396 605
75.19 605
75.2405 605
75.2909 605
75.3413 605
75.3918 605
75.4422 605
75.4926 605
75.543 605
75.5935 605
75.6439 605
75.6943 605
75.7448 605
75.7952 605
75.8456 605
75.8961 605
75.9465 605
75.9969 605
76.0474 605
76.0978 605
76.1482 605
76.1987 605
76.2491 605
76.2995 605
76.35 605
76.4004 605
76.4508 605
76.5013 605
76.5517 605
76.6021 605
76.6526 605
76.703 605
76.7534 605
76.8038 605
76.8543 605
76.9047 605
76.9551 605
77.0056 605
77.056 605
77.1064 605
77.1569 605
77.2073 605
77.2577 605
77.3082 605
77.3586 605
77.409 605
77.4595 605
77.5099 605
77.5603 605
77.6108 605
77.6612 605
77.7116 605
77.7621 605
77.8125 605
77.8629 605
77.9134 605
77.9638 605
78.0142 605
78.0646 605
78.1151 605
78.1655 605
78.2159 605
78.2664 605
78.3168 605
78.3672 605
78.4177 605
78.4681 605
78.5185 605
78.569 605
78.6194 605
78.6698 605
78.7203 605
78.7707 605
78.8211 605
78.8716 605
78.922 605
78.9724 605
79.0229 605
79.0733 605
79.1237 605
79.1742 605
79.2246 605
79.275 605
79.3254 605
79.3759 605
79.4263 605
79.4767 605
79.5272 605
79.5776 605
79.628 605
79.6785 605
79.7289 605
79.7793 605
79.8298 605
79.8802 605
79.9306 605
79.9811 605
80.0315 605
80.0819 605
80.1324 605
80.1828 605
80.2332 605
80.2837 605
80.3341 605
80.3845 605
80.435 605
80.4854 605
80.5358 605
80.5862 605
80.6367 605
80.6871 605
80.7375 605
80.788 605
80.8384 605
80.8888 605
80.9393 605
80.9897 605
81.0401 605
81.0906 605
81.141 605
81.1914 605
81.2419 605
81.2923 605
81.3427 605
81.3932 605
81.4436 605
81.494 605
81.5445 605
81.5949 605
81.6453 605
81.6958 605
81.7462 605
81.7966 605
81.847 605
81.8975 605
81.9479 605
81.9983 605
82.0488 605
82.0992 605
82.1496 605
82.2001 605
82.2505 605
82.3009 605
82.3514 605
82.4018 605
82.4522 605
82.5027 605
82.5531 605
82.6035 605
82.654 605
82.7044 605
82.7548 605
82.8053 605
82.8557 605
82.9061 605
82.9566 605
83.007 605
83.0574 605
83.1078 605
83.1583 605
83.2087 605
83.2591 605
83.3096 605
83.36 605
83.4104 605
83.4609 605
83.5113 605
83.5617 605
83.6122 605
83.6626 605
83.713 605
83.7635 605
83.8139 605
83.8643 605
83.9148 605
83.9652 605
84.0156 605
84.0661 605
84.1165 605
84.1669 605
84.2174 605
84.2678 605
84.3182 605
84.3686 605
84.4191 605
84.4695 605
84.5199 605
84.5704 605
84.6208 605
84.6712 605
84.7217 605
84.7721 605
84.8225 605
84.873 605
84.9234 605
84.9738 605
85.0243 605
85.0747 605
85.1251 605
85.1756 605
85.226 605
85.2764 605
85.3269 605
85.3773 605
85.4277 605
85.4782 605
85.5286 605
85.579 605
85.6294 605
85.6799 605
85.7303 605
85.7807 605
85.8312 605
85.8816 605
85.932 605
85.9825 605
86.0329 605
86.0833 605
86.1338 605
86.1842 605
86.2346 605
86.2851 605
86.3355 605
86.3859 605
86.4364 605
86.4868 605
86.5372 605
86.5877 605
86.6381 605
86.6885 605
86.739 605
86.7894 605
86.8398 605
86.8902 605
86.9407 605
86.9911 605
87.0415 605
87.092 605
87.1424 605
87.1928 605
87.2433 605
87.2937 605
87.3441 605
87.3946 605
87.445 605
87.4954 605
87.5459 605
87.5963 605
87.6467 605
87.6972 605
87.7476 605
87.798 605
87.8485 605
87.8989 605
87.9493 605
87.9998 605
88.0502 605
88.1006 605
88.151 605
88.2015 605
88.2519 605
88.3023 605
88.3528 605
88.4032 605
88.4536 605
88.5041 605
88.5545 605
88.6049 605
88.6554 605
88.7058 605
88.7562 605
88.8067 605
88.8571 605
88.9075 605
88.958 605
89.0084 605
89.0588 605
89.1093 605
89.1597 605
89.2101 605
89.2606 605
89.311 605
89.3614 605
89.4118 605
89.4623 605
89.5127 605
89.5631 605
89.6136 605
89.664 605
89.7144 605
89.7649 605
89.8153 605
89.8657 605
89.9162 605
89.9666 605
90.017 605
90.0675 605
90.1179 605
90.1683 605
90.2188 605
90.2692 605
90.3196 605
90.3701 605
90.4205 605
90.4709 605
90.5214 605
90.5718 605
90.6222 605
90.6726 605
90.7231 605
90.7735 605
90.8239 605
90.8744 605
90.9248 605
90.9752 605
91.0257 605
91.0761 605
91.1265 605
91.177 605
91.2274 605
91.2778 605
91.3283 605
91.3787 605
91.4291 605
91.4796 605
91.53 605
91.5804 605
91.6309 605
91.6813 605
91.7317 605
91.7822 605
91.8326 605
91.883 605
91.9334 605
91.9839 605
92.0343 605
92.0847 605
92.1352 605
92.1856 605
92.236 605
92.2865 605
92.3369 605
92.3873 605
92.4378 605
92.4882 605
92.5386 605
92.5891 605
92.6395 605
92.6899 605
92.7404 605
92.7908 605
92.8412 605
92.8917 605
92.9421 605
92.9925 605
93.043 605
93.0934 605
93.1438 605
93.1942 605
93.2447 605
93.2951 605
93.3455 605
93.396 605
93.4464 605
93.4968 605
93.5473 605
93.5977 605
93.6481 605
93.6986 605
93.749 605
93.7994 605
93.8499 605
93.9003 605
93.9507 605
94.0012 605
94.0516 605
94.102 605
94.1525 605
94.2029 605
94.2533 605
94.3038 605
94.3542 605
94.4046 605
94.455 605
94.5055 605
94.5559 605
94.6063 605
94.6568 605
94.7072 605
94.7576 605
94.8081 605
94.8585 605
94.9089 605
94.9594 605
95.0098 605
95.0602 605
95.1107 605
95.1611 605
95.2115 605
95.262 605
95.3124 605
95.3628 605
95.4133 605
95.4637 605
95.5141 605
95.5646 605
95.615 605
95.6654 605
95.7158 605
95.7663 605
95.8167 605
95.8671 605
95.9176 605
95.968 605
96.0184 605
96.0689 605
96.1193 605
96.1697 605
96.2202 605
96.2706 605
96.321 605
96.3715 605
96.4219 605
96.4723 605
96.5228 605
96.5732 605
96.6236 605
96.6741 605
96.7245 605
96.7749 605
96.8254 605
96.8758 605
96.9262 605
96.9766 605
97.0271 605
97.0775 605
97.1279 605
97.1784 605
97.2288 605
97.2792 605
97.3297 605
97.3801 605
97.4305 605
97.481 605
97.5314 605
97.5818 605
97.6323 605
97.6827 605
97.7331 605
97.7836 605
97.834 605
97.8844 605
97.9349 605
97.9853 605
98.0357 605
98.0862 605
98.1366 605
98.187 605
98.2374 605
98.2879 605
98.3383 605
98.3887 605
98.4392 605
98.4896 605
98.54 605
98.5905 605
98.6409 605
98.6913 605
98.7418 605
98.7922 605
98.8426 605
98.8931 605
98.9435 605
98.9939 605
99.0444 605
99.0948 605
99.1452 605
99.1957 605
99.2461 605
99.2965 605
99.347 605
99.3974 605
99.4478 605
99.4982 605
99.5487 605
99.5991 605
99.6495 605
99.7 605
99.7504 605
99.8008 605
99.8513 605
99.9017 605
99.9521 605
100.003 605
100.053 605
100.103 605
100.154 605
100.204 605
100.255 605
100.305 605
100.356 605
100.406 605
100.456 605
100.507 605
100.557 605
100.608 605
100.658 605
100.709 605
100.759 605
100.809 605
100.86 605
100.91 605
100.961 605
101.011 605
101.062 605
101.112 605
101.163 605
101.213 605
101.263 605
101.314 605
101.364 605
101.415 605
101.465 605
101.516 605
101.566 605
101.616 605
101.667 605
101.717 605
101.768 605
101.818 605
101.869 605
101.919 605
101.969 605
102.02 605
102.07 605
102.121 605
102.171 605
102.222 605
102.272 605
102.322 605
102.373 605
102.423 605
102.474 605
102.524 605
102.575 605
102.625 605
102.675 605
102.726 605
102.776 605
102.827 605
102.877 605
102.928 605
102.978 605
103.028 605
103.079 605
103.129 605
103.18 605
103.23 605
103.281 605
103.331 605
103.382 605
103.432 605
103.482 605
103.533 605
103.583 605
103.634 605
103.684 605
103.735 605
103.785 605
103.835 605
103.886 605
103.936 605
103.987 605
104.037 605
104.088 605
104.138 605
104.188 605
104.239 605
104.289 605
104.34 605
104.39 605
104.441 605
104.491 605
104.541 605
104.592 605
104.642 605
104.693 605
104.743 605
104.794 605
104.844 605
104.894 605
104.945 605
104.995 605
105.046 605
105.096 605
105.147 605
105.197 605
105.247 605
105.298 605
105.348 605
105.399 605
105.449 605
105.5 605
105.55 605
105.601 605
105.651 605
105.701 605
105.752 605
105.802 605
105.853 605
105.903 605
105.954 605
106.004 605
106.054 605
106.105 605
106.155 605
106.206 605
106.256 605
106.307 605
106.357 605
106.407 605
106.458 605
106.508 605
106.559 605
106.609 605
106.66 605
106.71 605
106.76 605
106.811 605
106.861 605
106.912 605
106.962 605
107.013 605
107.063 605
107.113 605
107.164 605
107.214 605
107.265 605
107.315 605
107.366 605
107.416 605
107.467 605
107.517 605
107.567 605
107.618 605
107.668 605
107.719 605
107.769 605
107.82 605
107.87 605
107.92 605
107.971 605
108.021 605
108.072 605
108.122 605
108.173 605
108.223 605
108.273 605
108.324 605
108.374 605
108.425 605
108.475 605
108.526 605
108.576 605
108.626 605
108.677 605
108.727 605
108.778 605
108.828 605
108.879 605
108.929 605
108.979 605
109.03 605
109.08 605
109.131 605
109.181 605
109.232 605
109.282 605
109.332 605
109.383 605
109.433 605
109.484 605
109.534 605
109.585 605
109.635 605
109.686 605
109.736 605
109.786 605
109.837 605
109.887 605
109.938 605
109.988 605
110.039 605
110.089 605
110.139 605
110.19 605
110.24 605
110.291 605
110.341 605
110.392 605
110.442 605
110.492 605
110.543 605
110.593 605
110.644 605
110.694 605
110.745 605
110.795 605
110.845 605
110.896 605
110.946 605
110.997 605
111.047 605
111.098 605
111.148 605
111.198 605
111.249 605
111.299 605
111.35 605
111.4 605
111.451 605
111.501 605
111.551 605
111.602 605
111.652 605
111.703 605
111.753 605
111.804 605
111.854 605
111.905 605
111.955 605
112.005 605
112.056 605
112.106 605
112.157 605
112.207 605
112.258 605
112.308 605
112.358 605
112.409 605
112.459 605
112.51 605
112.56 605
112.611 605
112.661 605
112.711 605
112.762 605
112.812 605
112.863 605
112.913 605
112.964 605
113.014 605
113.064 605
113.115 605
113.165 605
113.216 605
113.266 605
113.317 605
113.367 605
113.417 605
113.468 605
113.518 605
113.569 605
113.619 605
113.67 605
113.72 605
113.771 605
113.821 605
113.871 605
113.922 605
113.972 605
114.023 605
114.073 605
114.124 605
114.174 605
114.224 605
114.275 605
114.325 605
114.376 605
114.426 605
114.477 605
114.527 605
114.577 605
114.628 605
114.678 605
114.729 605
114.779 605
114.83 605
114.88 605
114.93 605
114.981 605
115.031 605
115.082 605
115.132 605
115.183 605
115.233 605
115.283 605
115.334 605
115.384 605
115.435 605
115.485 605
115.536 605
115.586 605
115.636 605
115.687 605
115.737 605
115.788 605
115.838 605
115.889 605
115.939 605
115.99 605
116.04 605
116.116 608
117.25 604
117.301 607
117.351 617
117.402 631
117.452 650
117.502 672
117.553 699
117.603 728
117.654 760
117.704 794
117.755 830
117.805 802
117.855 777
117.906 756
117.956 737
118.007 720
118.057 706
118.108 693
118.158 682
118.209 672
118.259 664
118.309 657
118.36 650
118.41 644
118.461 639
118.511 635
118.562 631
118.612 628
118.662 625
118.713 622
118.763 620
118.814 618
118.864 617
118.915 615
118.965 614
119.015 613
119.066 612
119.116 611
119.167 610
119.217 609
119.268 609
119.318 608
119.368 608
119.419 608
119.469 607
119.52 607
119.57 607
119.621 606
119.671 606
119.721 606
119.772 606
119.822 606
119.873 605
119.923 605
119.974 605
120.024 605
120.075 605
120.125 605
120.175 605
120.226 605
120.276 605
120.327 605
120.377 605
120.428 605
120.478 605
120.528 605
120.579 605
120.629 605
120.68 605
120.73 605
120.781 605
120.831 605
120.881 605
120.932 605
120.982 605
121.033 605
121.083 605
121.134 605
121.184 605
121.234 605
121.285 605
121.335 605
121.386 605
121.436 605
121.487 605
121.537 605
121.587 605
121.638 605
121.688 605
121.739 605
121.789 605
121.84 605
121.89 605
121.94 605
121.991 605
122.041 605
122.092 605
122.142 605
122.193 605
122.243 605
122.294 605
122.344 605
122.394 605
122.445 605
122.495 605
122.546 605
122.596 605
122.647 605
122.697 605
122.747 605
122.798 605
122.848 605
122.899 605
122.949 605
123 605
123.05 605
123.1 605
123.151 605
123.201 605
123.252 605
123.302 605
123.353 605
123.403 605
123.453 605
123.504 605
123.554 605
123.605 605
123.655 605
123.706 605
123.756 605
123.806 605
123.857 605
123.907 605
123.958 605
124.008 605
124.059 605
124.109 605
124.159 605
124.21 605
124.26 605
124.311 605
124.361 605
124.412 605
124.462 605
124.513 605
124.563 605
124.613 605
124.664 605
124.714 605
124.765 605
124.815 605
124.866 605
124.916 605
124.966 605
125.017 605
125.067 605
125.118 605
125.168 605
125.219 605
125.269 605
125.319 605
125.37 605
125.42 605
125.471 605
125.521 605
125.572 605
125.622 605
125.672 605
125.723 605
125.773 605
125.824 605
125.874 605
125.925 605
125.975 605
126.025 605
126.076 605
126.126 605
126.177 605
126.227 605
126.278 605
126.328 605
126.379 605
126.429 605
126.479 605
126.53 605
126.58 605
126.631 605
126.681 605
126.732 605
126.782 605
126.832 605
126.883 605
126.933 605
126.984 605
127.034 605
127.085 605
127.135 605
127.185 605
127.236 605
127.286 605
127.337 605
127.387 605
127.438 605
127.488 605
127.538 605
127.589 605
127.639 605
127.69 605
127.74 605
127.791 605
127.841 605
127.891 605
127.942 605
127.992 605
128.043 605
128.093 605
128.144 605
128.194 605
128.244 605
128.295 605
128.345 605
128.396 605
128.446 605
128.497 605
128.547 605
128.598 605
128.648 605
128.698 605
128.749 605
128.799 605
128.85 605
128.9 605
128.951 605
129.001 605
129.051 605
129.102 605
129.152 605
129.203 605
129.253 605
129.304 605
129.354 605
129.404 605
129.455 605
129.505 605
129.556 605
129.606 605
129.657 605
129.707 605
129.757 605
129.808 605
129.858 605
129.909 605
129.959 605
130.01 605
130.06 605
130.11 605
130.161 605
130.211 605
130.262 605
130.312 605
130.363 605
130.413 605
130.463 605
130.514 605
130.564 605
130.615 605
130.665 605
130.716 605
130.766 605
130.817 605
130.867 605
130.917 605
130.968 605
131.018 605
131.069 605
131.119 605
131.17 605
131.22 605
131.27 605
131.321 605
131.371 605
131.422 605
131.472 605
131.523 605
131.573 605
131.623 605
131.674 605
131.724 605
131.775 605
131.825 605
131.876 605
131.926 605
131.976 605
132.027 605
132.077 605
132.128 605
132.178 605
132.229 605
132.279 605
132.329 605
132.38 605
132.43 605
132.481 605
132.531 605
132.582 605
132.632 605
132.683 605
132.733 605
132.783 605
132.834 605
132.884 605
132.935 605
132.985 605
133.036 605
133.086 605
133.136 605
133.187 605
133.237 605
133.288 605
133.338 605
133.389 605
133.439 605
133.489 605
133.54 605
133.59 605
133.641 605
133.691 605
133.742 605
133.792 605
133.842 605
133.893 605
133.943 605
133.994 605
134.044 605
134.095 605
134.145 605
134.195 605
134.246 605
134.296 605
134.347 605
134.397 605
134.448 605
134.498 605
134.548 605
134.599 605
134.649 605
134.7 605
134.75 605
134.801 605
134.851 605
134.902 605
134.952 605
135.002 605
135.053 605
135.103 605
135.154 605
135.204 605
135.255 605
135.305 605
135.355 605
135.406 605
135.456 605
135.507 605
135.557 605
135.608 605
135.658 605
135.708 605
135.759 605
135.809 605
135.86 605
135.91 605
135.961 605
136.011 605
136.061 605
136.112 605
136.162 605
136.213 605
136.263 605
136.314 605
136.364 605
136.414 605
136.465 605
136.515 605
136.566 605
136.616 605
136.667 605
136.717 605
136.767 605
136.818 605
136.868 605
136.919 605
136.969 605
137.02 605
137.07 605
137.121 605
137.171 605
137.221 605
137.272 605
137.322 605
137.373 605
137.423 605
137.474 605
137.524 605
137.574 605
137.625 605
137.675 605
137.726 605
137.776 605
137.827 605
137.877 605
137.927 605
137.978 605
138.028 605
138.079 605
138.129 605
138.18 605
138.23 605
138.28 605
138.331 605
138.381 605
138.432 605
138.482 605
138.533 605
138.583 605
138.633 605
138.684 605
138.734 605
138.785 605
138.835 605
138.886 605
138.936 605
138.987 605
139.037 605
139.087 605
139.138 605
139.188 605
139.239 605
139.289 605
139.34 605
139.39 605
139.44 605
139.491 605
139.541 605
139.592 605
139.642 605
139.693 605
139.743 605
139.793 605
139.844 605
139.894 605
139.945 605
139.995 605
140.046 605
140.096 605
140.146 605
140.197 605
140.247 605
140.298 605
140.348 605
140.399 605
140.449 605
140.499 605
140.55 605
140.6 605
140.651 605
140.701 605
140.752 605
140.802 605
140.852 605
140.903 605
140.953 605
141.004 605
141.054 605
141.105 605
141.155 605
141.206 605
141.256 605
141.306 605
141.357 605
141.407 605
141.458 605
141.508 605
141.559 605
141.609 605
141.659 605
141.71 605
141.76 605
141.811 605
141.861 605
141.912 605
141.962 605
142.012 605
142.063 605
142.113 605
142.164 605
142.214 605
142.265 605
142.315 605
142.365 605
142.416 605
142.466 605
142.517 605
142.567 605
142.618 605
142.668 605
142.718 605
142.769 605
142.819 605
142.87 605
142.92 605
142.971 605
143.021 605
143.071 605
143.122 605
143.172 605
143.223 605
143.273 605
143.324 605
143.374 605
143.425 605
143.475 605
143.525 605
143.576 605
143.626 605
143.677 605
143.727 605
143.778 605
143.828 605
143.878 605
143.929 605
143.979 605
144.03 605
144.08 605
144.131 605
144.181 605
144.231 605
144.282 605
144.332 605
144.383 605
144.433 605
144.484 605
144.534 605
144.584 605
144.635 605
144.685 605
144.736 605
144.786 605
144.837 605
144.887 605
144.937 605
144.988 605
145.038 605
145.089 605
145.139 605
145.19 605
145.24 605
145.291 605
145.341 605
145.391 605
145.442 605
145.492 605
145.543 605
145.593 605
145.644 605
145.694 605
145.744 605
145.795 605
145.845 605
145.896 605
145.946 605
145.997 605
146.047 605
146.097 605
146.148 605
146.198 605
146.249 605
146.299 605
146.35 605
146.4 605
146.45 605
146.501 605
146.551 605
146.602 605
146.652 605
146.703 605
146.753 605
146.803 605
146.854 605
146.904 605
146.955 605
147.005 605
147.056 605
147.106 605
147.156 605
147.207 605
147.257 605
147.308 605
147.358 605
147.409 605
147.459 605
147.51 605
147.56 605
147.61 605
147.661 605
147.711 605
147.762 605
147.812 605
147.863 605
147.913 605
147.963 605
148.014 605
148.064 605
148.115 605
148.165 605
148.216 605
148.266 605
148.316 605
148.367 605
148.417 605
148.468 605
148.518 605
148.569 605
148.619 605
148.669 605
148.72 605
148.77 605
148.821 605
148.871 605
148.922 605
148.972 605
149.022 605
149.073 605
149.123 605
149.174 605
149.224 605
149.275 605
149.325 605
149.375 605
149.426 605
149.476 605
149.527 605
149.577 605
149.628 605
149.678 605
149.729 605
149.779 605
149.829 605
149.88 605
149.93 605
149.981 605
150.031 605
150.082 605
150.132 605
150.182 605
150.233 605
150.283 605
150.334 605
150.384 605
150.435 605
150.485 605
150.535 605
150.586 605
150.636 605
150.687 605
150.737 605
150.788 605
150.838 605
150.888 605
150.939 605
150.989 605
151.04 605
151.09 605
151.141 605
151.191 605
151.241 605
151.292 605
151.342 605
151.393 605
151.443 605
151.494 605
151.544 605
151.595 605
151.645 605
151.695 605
151.746 605
151.796 605
151.847 605
151.897 605
151.948 605
151.998 605
152.048 605
152.099 605
152.149 605
152.2 605
152.25 605
152.301 605
152.351 605
152.401 605
152.452 605
152.502 605
152.553 605
152.603 605
152.654 605
152.704 605
152.754 605
152.805 605
152.855 605
152.906 605
152.956 605
153.007 605
153.057 605
153.107 605
153.158 605
153.208 605
153.259 605
153.309 605
153.36 605
153.41 605
153.46 605
153.511 605
153.561 605
153.612 605
153.662 605
153.713 605
153.763 605
153.814 605
153.864 605
153.914 605
153.965 605
154.015 605
154.066 605
154.116 605
154.167 605
154.217 605
154.267 605
154.318 605
154.368 605
154.419 605
154.469 605
154.52 605
154.57 605
154.62 605
154.671 605
154.721 605
154.772 605
154.822 605
154.873 605
154.923 605
154.973 605
155.024 605
155.074 605
155.125 605
155.175 605
155.226 605
155.276 605
155.326 605
155.377 605
155.427 605
155.478 605
155.528 605
155.579 605
155.629 605
155.679 605
155.73 605
155.78 605
155.831 605
155.881 605
155.932 605
155.982 605
156.033 605
156.083 605
156.133 605
156.184 605
156.234 605
156.285 605
156.335 605
156.386 605
156.436 605
156.486 605
156.537 605
156.587 605
156.638 605
156.688 605
156.739 605
156.789 605
156.839 605
156.89 605
156.94 605
156.991 605
157.041 605
157.092 605
157.142 605
157.192 605
157.243 605
157.293 605
157.344 605
157.394 605
157.445 605
157.495 605
157.545 605
157.596 605
157.646 605
157.697 605
157.747 605
157.798 605
157.848 605
157.899 605
157.949 605
157.999 605
158.05 605
158.1 605
158.151 605
158.201 605
158.252 605
158.302 605
158.352 605
158.403 605
158.453 605
158.504 605
158.554 605
158.605 605
158.655 605
158.705 605
158.756 605
158.806 605
158.857 605
158.907 605
158.958 605
159.008 605
159.058 605
159.109 605
159.159 605
159.21 605
159.26 605
159.311 605
159.361 605
159.411 605
159.462 605
159.512 605
159.563 605
159.613 605
159.664 605
159.714 605
159.764 605
159.815 605
159.865 605
159.916 605
159.966 605
160.017 605
160.067 605
160.118 605
160.168 605
160.218 605
160.269 605
160.319 605
160.37 605
160.42 605
160.471 605
160.521 605
160.571 605
160.622 605
160.672 605
160.723 605
160.773 605
160.824 605
160.874 605
160.924 605
160.975 605
161.025 605
161.076 605
161.126 605
161.177 605
161.227 605
161.277 605
161.328 605
161.378 605
161.429 605
161.479 605
161.53 605
161.58 605
161.63 605
161.681 605
161.731 605
161.782 605
161.832 605
161.883 605
161.933 605
161.983 605
162.034 605
162.084 605
162.135 605
162.185 605
162.236 605
162.286 605
162.337 605
162.387 605
162.437 605
162.488 605
162.538 605
162.589 605
162.639 605
162.69 605
162.74 605
162.79 605
162.841 605
162.891 605
162.942 605
163.043 605
163.093 605
163.143 605
163.194 605
163.244 605
163.295 605
163.345 605
163.396 605
163.446 605
163.496 605
163.547 605
163.597 598
163.648 599
163.698 600
163.749 600
163.799 601
163.849 602
163.9 602
163.95 602
164.001 602
164.051 603
164.102 603
164.152 603
164.203 603
164.253 604
164.303 604
164.354 604
164.404 604
164.455 604
164.505 604
164.556 604
164.606 604
164.656 604
164.707 604
164.757 604
164.808 604
164.858 604
164.909 604
164.959 604
165.009 604
165.06 604
165.11 604
165.161 604
165.211 605
165.262 605
165.312 605
165.362 605
165.413 605
165.463 605
165.514 605
165.564 605
165.615 605
165.665 605
165.715 605
165.766 605
165.816 605
165.867 605
165.917 605
165.968 605
166.018 605
166.068 605
166.119 605
166.169 605
166.22 605
166.27 605
166.321 605
166.371 605
166.422 605
166.472 605
166.522 605
166.573 605
166.623 605
166.674 605
166.724 605
166.775 605
166.825 605
166.875 605
166.926 605
166.976 605
167.027 605
167.077 605
167.128 605
167.178 605
167.228 605
167.279 605
167.329 605
167.38 605
167.43 605
167.481 605
167.531 605
167.581 605
167.632 605
167.682 605
167.733 605
167.783 605
167.834 605
167.884 605
167.934 605
167.985 605
168.035 605
168.086 605
168.136 605
168.187 605
168.237 605
168.287 605
168.338 605
168.388 605
168.439 605
168.489 605
168.54 605
168.59 605
168.641 605
168.691 605
168.741 605
168.792 605
168.842 605
168.893 605
168.943 605
168.994 605
169.044 605
169.094 605
169.145 605
169.195 605
169.246 605
169.296 605
169.347 605
169.397 605
169.447 605
169.498 605
169.548 605
169.599 605
169.649 605
169.7 605
169.75 605
169.8 605
169.851 605
169.901 605
169.952 605
170.002 605
170.053 605
170.103 605
170.153 605
170.204 605
170.254 605
170.305 605
170.355 605
170.406 605
170.456 605
170.507 605
170.557 605
170.607 605
170.658 605
170.708 605
170.759 605
170.809 605
170.86 605
170.91 605
170.96 605
171.011 605
171.061 605
171.112 605
171.162 605
171.213 605
171.263 605
171.313 605
171.364 605
171.414 605
171.465 605
171.515 605
171.566 605
171.616 605
171.666 605
171.717 605
171.767 605
171.818 605
171.868 605
171.919 605
171.969 605
172.019 605
172.07 605
172.12 605
172.171 605
172.221 605
172.272 605
172.322 605
172.372 605
172.423 605
172.473 605
172.524 605
172.574 605
172.625 605
172.675 605
172.726 605
172.776 605
172.826 605
172.877 605
172.927 605
172.978 605
173.028 605
173.079 605
173.129 605
173.179 605
173.23 605
173.28 605
173.331 605
173.381 605
173.432 605
173.482 605
173.532 605
173.583 605
173.633 605
173.684 605
173.734 605
173.785 605
173.835 605
173.885 605
173.936 605
173.986 605
174.037 605
174.087 605
174.138 605
174.188 605
174.238 605
174.289 605
174.339 605
174.39 605
174.44 605
174.491 605
174.541 605
174.591 605
174.642 605
174.692 605
174.743 605
174.793 605
174.844 605
174.894 605
174.971 608
176.104 604
176.155 608
176.205 617
176.256 631
176.306 650
176.357 672
176.407 699
176.457 728
176.508 760
176.558 794
176.609 830
176.659 802
176.71 777
176.76 756
176.811 737
176.861 720
176.911 706
176.962 693
177.012 682
177.063 672
177.113 664
177.164 657
177.214 650
177.264 644
177.315 639
177.365 635
177.416 631
177.466 628
177.517 625
177.567 622
177.617 620
177.668 618
177.718 617
177.769 615
177.819 614
177.87 613
177.92 612
177.97 611
178.021 610
178.071 609
178.122 609
178.172 608
178.223 608
178.273 608
178.323 607
178.374 607
178.424 607
178.475 606
178.525 606
178.576 606
178.626 606
178.676 606
178.727 606
178.777 605
178.828 605
178.878 605
178.929 605
178.979 605
179.03 605
179.08 605
179.13 605
179.181 605
179.231 605
179.282 605
179.332 605
179.383 605
179.433 605
179.483 605
179.534 605
179.584 605
179.635 605
179.685 605
179.736 605
179.786 605
179.836 605
179.887 605
179.937 605
179.988 605
180.038 605
180.089 605
180.139 605
180.189 605
180.24 605
180.29 605
180.341 605
180.391 605
180.442 605
180.492 605
180.542 605
180.593 605
180.643 605
180.694 605
180.744 605
180.795 605
180.845 605
180.895 605
180.946 605
180.996 605
181.047 605
181.097 605
181.148 605
181.198 605
181.249 605
181.299 605
181.349 605
181.4 605
181.45 605
181.501 605
181.551 605
181.602 605
181.652 605
181.702 605
181.753 605
181.803 605
181.854 605
181.904 605
181.955 605
182.005 605
182.055 605
182.106 605
182.156 605
182.207 605
182.257 605
182.308 605
182.358 605
182.408 605
182.459 605
182.509 605
182.56 605
182.61 605
182.661 605
182.711 605
182.761 605
182.812 605
182.862 605
182.913 605
182.963 605
183.014 605
183.064 605
183.115 605
183.165 605
183.215 605
183.266 605
183.316 605
183.367 605
183.417 605
183.468 605
183.518 605
183.568 605
183.619 605
183.669 605
183.72 605
183.77 605
183.821 605
183.871 605
183.921 605
183.972 605
184.022 605
184.073 605
184.123 605
184.174 605
184.224 605
184.274 605
184.325 605
184.375 605
184.426 605
184.476 605
184.527 605
184.577 605
184.627 605
184.678 605
184.728 605
184.779 605
184.829 605
184.88 605
184.93 605
184.98 605
185.031 605
185.081 605
185.132 605
185.182 605
185.233 605
185.283 605
185.334 605
185.384 605
185.434 605
185.485 605
185.535 605
185.586 605
185.636 605
185.687 605
185.737 605
185.787 605
185.838 605
185.888 605
185.939 605
185.989 605
186.04 605
186.09 605
186.14 605
186.191 605
186.241 605
186.292 605
186.342 605
186.393 605
186.443 605
186.493 605
186.544 605
186.594 605
186.645 605
186.695 605
186.746 605
186.796 605
186.846 605
186.897 605
186.947 605
186.998 605
187.048 605
187.099 605
187.149 605
187.199 605
187.25 605
187.3 605
187.351 605
187.401 605
187.452 605
187.502 605
187.553 605
187.603 605
187.653 605
187.704 605
187.754 605
187.805 605
187.855 605
187.906 605
187.956 605
188.006 605
188.057 605
188.107 605
188.158 605
188.208 605
188.259 605
188.309 605
188.359 605
188.41 605
188.46 605
188.511 605
188.561 605
188.612 605
188.662 605
188.712 605
188.763 605
188.813 605
188.864 605
188.914 605
188.965 605
189.015 605
189.065 605
189.116 605
189.166 605
189.217 605
189.267 605
189.318 605
189.368 605
189.419 605
189.469 605
189.519 605
189.57 605
189.62 605
189.671 605
189.721 605
189.772 605
189.822 605
189.872 605
189.923 605
189.973 605
190.024 605
190.074 605
190.125 605
190.175 605
190.225 605
190.276 605
190.326 605
190.377 605
190.427 605
190.478 605
190.528 605
190.578 605
190.629 605
190.679 605
190.73 605
190.78 605
190.831 605
190.881 605
190.931 605
190.982 605
191.032 605
191.083 605
191.133 605
191.184 605
191.234 605
191.284 605
191.335 605
191.385 605
191.436 605
191.486 605
191.537 605
191.587 605
191.638 605
191.688 605
191.738 605
191.789 605
191.839 605
191.89 605
191.94 605
191.991 605
192.041 605
192.091 605
192.142 605
192.192 605
192.243 605
192.293 605
192.344 605
192.394 605
192.444 605
192.495 605
192.545 605
192.596 605
192.646 605
192.697 605
192.747 605
192.797 605
192.848 605
192.898 605
192.949 605
192.999 605
193.05 605
193.1 605
193.15 605
193.201 605
193.251 605
193.302 605
193.352 605
193.403 605
193.453 605
193.503 605
193.554 605
193.604 605
193.655 605
193.705 605
193.756 605
193.806 605
193.857 605
193.907 605
193.957 605
194.008 605
194.058 605
194.109 605
194.159 605
194.21 605
194.26 605
194.31 605
194.361 605
194.411 605
194.462 605
194.512 605
194.563 605
194.613 605
194.663 605
194.714 605
194.764 605
194.815 605
194.865 605
194.916 605
194.966 605
195.016 605
195.067 605
195.143 608
196.277 604
196.328 608
196.378 617
196.429 631
196.479 650
196.529 672
196.58 698
196.63 728
196.681 760
196.731 794
196.782 830
196.832 802
196.882 777
196.933 756
196.983 737
197.034 720
197.084 706
197.135 693
197.185 682
197.235 673
197.286 664
197.336 657
197.387 650
197.437 644
197.488 639
197.538 635
197.588 631
197.639 628
197.689 625
197.74 622
197.79 620
197.841 618
197.891 617
197.942 615
197.992 614
198.042 613
198.093 612
198.143 611
198.194 610
198.244 609
198.295 609
198.345 608
198.395 608
198.446 607
198.496 607
198.547 607
198.597 607
198.648 606
198.698 606
198.748 606
198.799 606
198.849 606
198.9 605
198.95 605
199.001 605
199.051 605
199.101 605
199.152 605
199.202 605
199.253 605
199.303 605
199.354 605
199.404 605
199.454 605
199.505 605
199.555 605
199.606 605
199.656 605
199.707 605
199.757 605
199.807 605
199.858 605
199.908 605
199.959 605
200.009 605
200.06 605
200.11 605
200.161 605
200.211 605
200.261 605
200.312 605
200.362 605
200.413 605
200.463 605
200.514 605
200.564 605
200.614 605
200.665 605
200.715 605
200.766 605
200.816 605
200.867 605
200.917 605
200.967 605
201.018 605
201.068 605
201.119 605
201.169 605
201.22 605
201.27 605
201.32 605
201.371 605
201.421 605
201.472 605
201.522 605
201.573 605
201.623 605
201.673 605
201.724 605
201.774 605
201.825 605
201.875 605
201.926 605
201.976 605
202.027 605
202.077 605
202.127 605
202.178 605
202.228 605
202.279 605
202.329 605
202.38 605
202.43 605
202.48 605
202.531 605
202.581 605
202.632 605
202.682 605
202.733 605
202.783 605
202.833 605
202.884 605
202.934 605
202.985 605
203.035 605
203.086 605
203.136 605
203.186 605
203.237 605
203.287 605
203.338 605
203.388 605
203.439 605
203.489 605
203.539 605
203.59 605
203.64 605
203.691 605
203.741 605
203.792 605
203.842 605
203.892 605
203.943 605
203.993 605
204.044 605
204.094 605
204.145 605
204.195 605
204.246 605
204.296 605
204.346 605
204.397 605
204.447 605
204.498 605
204.548 605
204.599 605
204.649 605
204.699 605
204.75 605
204.8 605
204.851 605
204.901 605
204.952 605
205.002 605
205.052 605
205.103 605
205.153 605
205.204 605
205.254 605
205.305 605
205.355 605
205.405 605
205.456 605
205.506 605
205.557 605
205.607 605
205.658 605
205.708 605
205.758 605
205.809 605
205.859 605
205.91 605
205.96 605
206.011 605
206.061 605
206.111 605
206.162 605
206.212 605
206.263 605
206.313 605
206.364 605
206.414 605
206.465 605
206.515 605
206.565 605
206.616 605
206.666 605
206.717 605
206.767 605
206.818 605
206.868 605
206.918 605
206.969 605
207.019 605
207.07 605
207.12 605
207.171 605
207.221 605
207.271 605
207.322 605
207.372 605
207.423 605
207.473 605
207.524 605
207.574 605
207.624 605
207.675 605
207.725 605
207.776 605
207.826 605
207.877 605
207.927 605
207.977 605
208.028 605
208.078 605
208.129 605
208.179 605
208.23 605
208.28 605
208.331 605
208.381 605
208.431 605
208.482 605
208.532 605
208.583 605
208.633 605
208.684 605
208.734 605
208.784 605
208.835 605
208.885 605
208.936 605
208.986 605
209.037 605
209.087 605
209.137 605
209.188 605
209.238 605
209.289 605
209.339 605
209.39 605
209.44 605
209.49 605
209.541 605
209.591 605
209.642 605
209.692 605
209.743 605
209.793 605
209.843 605
209.894 605
209.944 605
209.995 605
210.045 605
210.096 605
210.146 605
210.196 605
210.247 605
210.297 605
210.348 605
210.398 605
210.449 605
210.499 605
210.55 605
210.6 605
210.65 605
210.701 605
210.751 605
210.802 605
210.852 605
210.903 605
210.953 605
211.003 605
211.054 605
211.104 605
211.155 605
211.205 605
211.256 605
211.306 605
211.356 605
211.407 605
211.457 605
211.508 605
211.558 605
211.609 605
211.659 605
211.709 605
211.76 605
211.81 605
211.861 605
211.911 605
211.962 605
212.012 605
212.062 605
212.113 605
212.163 605
212.214 605
212.264 605
212.315 605
212.365 605
212.415 605
212.466 605
212.516 605
212.567 605
212.617 605
212.668 605
212.718 605
212.769 605
212.819 605
212.869 605
212.92 605
212.97 605
213.021 605
213.071 605
213.122 605
213.172 605
213.222 605
213.273 605
213.323 605
213.374 605
213.424 605
213.475 605
213.525 605
213.575 605
213.626 605
213.676 605
213.727 605
213.777 605
213.828 605
213.878 605
213.928 605
213.979 605
214.029 605
214.08 605
214.13 605
214.181 605
214.231 605
214.281 605
214.332 605
214.382 605
214.433 605
214.483 605
214.534 605
214.584 605
214.635 605
214.685 605
214.735 605
214.786 605
214.836 605
214.887 605
214.937 605
214.988 605
215.038 605
215.088 605
215.139 605
215.189 605
215.24 605
215.29 605
215.341 605
215.391 605
215.441 605
215.492 605
215.542 605
215.593 605
215.643 605
215.694 605
215.744 605
215.794 605
215.845 605
215.895 605
215.946 605
215.996 605
216.047 605
216.097 605
216.147 605
216.198 605
216.248 605
216.299 605
216.349 605
216.4 605
216.45 605
216.5 605
216.551 605
216.601 605
216.652 605
216.702 605
216.753 605
216.803 605
216.854 605
216.904 605
216.954 605
217.005 605
217.055 605
217.106 605
217.156 605
217.207 605
217.257 605
217.307 605
217.358 605
217.408 605
217.459 605
217.509 605
217.56 605
217.61 605
217.66 605
217.711 605
217.761 605
217.812 605
217.862 605
217.913 605
217.963 605
218.013 605
218.064 605
218.114 605
218.165 605
218.215 605
218.266 605
218.316 605
218.366 605
218.417 605
218.467 605
218.518 605
218.568 605
218.619 605
218.669 605
218.719 605
218.77 605
218.82 605
218.871 605
218.921 605
218.972 605
219.022 605
219.073 605
219.123 605
219.173 605
219.224 605
219.274 605
219.325 605
219.375 605
219.426 605
219.476 605
219.526 605
219.577 605
219.627 605
219.678 605
219.728 605
219.779 605
219.829 605
219.879 605
219.93 605
219.98 605
220.031 605
220.081 605
220.132 605
220.182 605
220.232 605
220.283 605
220.333 605
220.384 605
220.434 605
220.485 605
220.535 605
220.585 605
220.636 605
220.686 605
220.737 605
220.787 605
220.838 605
220.888 605
220.939 605
220.989 605
221.039 605
221.09 605
221.14 605
221.191 605
221.241 605
221.292 605
221.342 605
221.392 605
221.443 605
221.493 605
221.544 605
221.594 605
221.645 605
221.695 605
221.745 605
221.796 605
221.846 605
221.897 605
221.947 605
221.998 605
222.048 605
222.098 605
222.149 605
222.199 605
222.276 608
223.41 604
223.46 608
223.511 617
223.561 631
223.611 650
223.662 672
223.712 699
223.763 728
223.813 760
223.864 794
223.914 830
223.964 802
224.015 777
224.065 756
224.116 737
224.166 720
224.217 706
224.267 693
224.317 682
224.368 673
224.418 664
224.469 657
224.519 650
224.57 644
224.62 640
224.67 635
224.721 631
224.771 628
224.822 625
224.872 623
224.923 620
224.973 618
225.023 617
225.074 615
225.124 614
225.175 613
225.225 612
225.276 611
225.326 610
225.377 609
225.427 609
225.477 608
225.528 608
225.578 607
225.629 607
225.679 607
225.73 607
225.78 606
225.83 606
225.881 606
225.931 606
225.982 606
226.032 606
226.083 605
226.133 605
226.183 605
226.234 605
226.284 605
226.335 605
226.385 605
226.436 605
226.486 605
226.536 605
226.587 605
226.637 605
226.688 605
226.738 605
226.789 605
226.839 605
226.889 605
226.94 605
226.99 605
227.041 605
227.091 605
227.142 605
227.192 605
227.243 605
227.293 605
227.343 605
227.394 605
227.444 605
227.495 605
227.545 605
227.596 605
227.646 605
227.696 605
227.747 605
227.797 605
227.848 605
227.898 605
227.949 605
227.999 605
228.049 605
228.1 605
228.15 605
228.201 605
228.251 605
228.302 605
228.352 605
228.402 605
228.453 605
228.503 605
228.554 605
228.604 605
228.655 605
228.705 605
228.755 605
228.806 605
228.856 605
228.907 605
228.957 605
229.008 605
229.058 605
229.108 605
229.159 605
229.209 605
229.26 605
229.31 605
229.361 605
229.411 605
229.462 605
229.512 605
229.562 605
229.613 605
229.663 605
229.714 605
229.764 605
229.815 605
229.865 605
229.915 605
229.966 605
230.016 605
230.067 605
230.117 605
230.168 605
230.218 605
230.268 605
230.319 605
230.369 605
230.42 605
230.47 605
230.521 605
230.571 605
230.621 605
230.672 605
230.722 605
230.773 605
230.823 605
230.874 605
230.924 605
230.974 605
231.025 605
231.075 605
231.126 605
231.176 605
231.227 605
231.277 605
231.327 605
231.378 605
231.428 605
231.479 605
231.529 605
231.58 605
231.63 605
231.681 605
231.731 605
231.781 605
231.832 605
231.882 605
231.933 605
231.983 605
232.034 605
232.084 605
232.134 605
232.185 605
232.235 605
232.286 605
232.336 605
232.387 605
232.437 605
232.487 605
232.538 605
232.588 605
232.639 605
232.689 605
232.74 605
232.79 605
232.84 605
232.891 605
232.941 605
232.992 605
233.042 605
233.093 605
233.143 605
233.193 605
233.244 605
233.294 605
233.345 605
233.395 605
233.446 605
233.496 605
233.547 605
233.597 605
233.647 605
233.698 605
233.748 605
233.799 605
233.849 605
233.9 605
233.95 605
234 605
234.051 605
234.101 605
234.152 605
234.202 605
234.253 605
234.303 605
234.353 605
234.404 605
234.454 605
234.505 605
234.555 605
234.606 605
234.656 605
234.706 605
234.757 605
234.807 605
234.858 605
234.908 605
234.959 605
235.009 605
235.059 605
235.11 605
235.16 605
235.211 605
235.261 605
235.312 605
235.362 605
235.412 605
235.463 605
235.513 605
235.564 605
235.614 605
235.665 605
235.715 605
235.766 605
235.816 605
235.866 605
235.917 605
235.967 605
236.018 605
236.068 605
236.119 605
236.169 605
236.219 605
236.27 605
236.32 605
236.371 605
236.421 605
236.472 605
236.522 605
236.572 605
236.623 605
236.673 605
236.724 605
236.774 605
236.825 605
236.875 605
236.925 605
236.976 605
237.026 605
237.077 605
237.127 605
237.178 605
237.228 605
237.278 605
237.329 605
237.379 605
237.43 605
237.48 605
237.531 605
237.581 605
